InputFile created with GMSH-SAFIR Interface
Safir_Structural_Analysis
Mesh_from_G4S-Mesher

NNODE 141
NDIM 2
NDOFMAX 3
STATIC PURE_NR
NLOAD 1
HYDROST 0
OBLIQUE 0
COMEBACK 0.001
NMAT 4
ELEMENTS
BEAM 70 2
NG 2
NFIBER 4768
END_ELEM
NODES
NODE 1 0.000000 0.000000
NODE 2 0.000000 3.000000
NODE 3 8.000000 3.000000
NODE 4 8.000000 0.000000
NODE 5 0.000000 0.200000
NODE 6 0.000000 0.400000
NODE 7 0.000000 0.600000
NODE 8 0.000000 0.800000
NODE 9 0.000000 1.000000
NODE 10 0.000000 1.200000
NODE 11 0.000000 1.400000
NODE 12 0.000000 1.600000
NODE 13 0.000000 1.800000
NODE 14 0.000000 2.000000
NODE 15 0.000000 2.200000
NODE 16 0.000000 2.400000
NODE 17 0.000000 2.600000
NODE 18 0.000000 2.800000
NODE 19 0.200000 3.000000
NODE 20 0.400000 3.000000
NODE 21 0.600000 3.000000
NODE 22 0.800000 3.000000
NODE 23 1.000000 3.000000
NODE 24 1.200000 3.000000
NODE 25 1.400000 3.000000
NODE 26 1.600000 3.000000
NODE 27 1.800000 3.000000
NODE 28 2.000000 3.000000
NODE 29 2.200000 3.000000
NODE 30 2.400000 3.000000
NODE 31 2.600000 3.000000
NODE 32 2.800000 3.000000
NODE 33 3.000000 3.000000
NODE 34 3.200000 3.000000
NODE 35 3.400000 3.000000
NODE 36 3.600000 3.000000
NODE 37 3.800000 3.000000
NODE 38 4.000000 3.000000
NODE 39 4.200000 3.000000
NODE 40 4.400000 3.000000
NODE 41 4.600000 3.000000
NODE 42 4.800000 3.000000
NODE 43 5.000000 3.000000
NODE 44 5.200000 3.000000
NODE 45 5.400000 3.000000
NODE 46 5.600000 3.000000
NODE 47 5.800000 3.000000
NODE 48 6.000000 3.000000
NODE 49 6.200000 3.000000
NODE 50 6.400000 3.000000
NODE 51 6.600000 3.000000
NODE 52 6.800000 3.000000
NODE 53 7.000000 3.000000
NODE 54 7.200000 3.000000
NODE 55 7.400000 3.000000
NODE 56 7.600000 3.000000
NODE 57 7.800000 3.000000
NODE 58 8.000000 2.800000
NODE 59 8.000000 2.600000
NODE 60 8.000000 2.400000
NODE 61 8.000000 2.200000
NODE 62 8.000000 2.000000
NODE 63 8.000000 1.800000
NODE 64 8.000000 1.600000
NODE 65 8.000000 1.400000
NODE 66 8.000000 1.200000
NODE 67 8.000000 1.000000
NODE 68 8.000000 0.800000
NODE 69 8.000000 0.600000
NODE 70 8.000000 0.400000
NODE 71 8.000000 0.200000
NODE 72 0.000000 0.100000
NODE 73 0.000000 0.300000
NODE 74 0.000000 0.500000
NODE 75 0.000000 0.700000
NODE 76 0.000000 0.900000
NODE 77 0.000000 1.100000
NODE 78 0.000000 1.300000
NODE 79 0.000000 1.500000
NODE 80 0.000000 1.700000
NODE 81 0.000000 1.900000
NODE 82 0.000000 2.100000
NODE 83 0.000000 2.300000
NODE 84 0.000000 2.500000
NODE 85 0.000000 2.700000
NODE 86 0.000000 2.900000
NODE 87 0.100000 3.000000
NODE 88 0.300000 3.000000
NODE 89 0.500000 3.000000
NODE 90 0.700000 3.000000
NODE 91 0.900000 3.000000
NODE 92 1.100000 3.000000
NODE 93 1.300000 3.000000
NODE 94 1.500000 3.000000
NODE 95 1.700000 3.000000
NODE 96 1.900000 3.000000
NODE 97 2.100000 3.000000
NODE 98 2.300000 3.000000
NODE 99 2.500000 3.000000
NODE 100 2.700000 3.000000
NODE 101 2.900000 3.000000
NODE 102 3.100000 3.000000
NODE 103 3.300000 3.000000
NODE 104 3.500000 3.000000
NODE 105 3.700000 3.000000
NODE 106 3.900000 3.000000
NODE 107 4.100000 3.000000
NODE 108 4.300000 3.000000
NODE 109 4.500000 3.000000
NODE 110 4.700000 3.000000
NODE 111 4.900000 3.000000
NODE 112 5.100000 3.000000
NODE 113 5.300000 3.000000
NODE 114 5.500000 3.000000
NODE 115 5.700000 3.000000
NODE 116 5.900000 3.000000
NODE 117 6.100000 3.000000
NODE 118 6.300000 3.000000
NODE 119 6.500000 3.000000
NODE 120 6.700000 3.000000
NODE 121 6.900000 3.000000
NODE 122 7.100000 3.000000
NODE 123 7.300000 3.000000
NODE 124 7.500000 3.000000
NODE 125 7.700000 3.000000
NODE 126 7.900000 3.000000
NODE 127 8.000000 2.900000
NODE 128 8.000000 2.700000
NODE 129 8.000000 2.500000
NODE 130 8.000000 2.300000
NODE 131 8.000000 2.100000
NODE 132 8.000000 1.900000
NODE 133 8.000000 1.700000
NODE 134 8.000000 1.500000
NODE 135 8.000000 1.300000
NODE 136 8.000000 1.100000
NODE 137 8.000000 0.900000
NODE 138 8.000000 0.700000
NODE 139 8.000000 0.500000
NODE 140 8.000000 0.300000
NODE 141 8.000000 0.100000
FIXATIONS
BLOCK 1 F0 F0 F0
BLOCK 4 F0 F0 F0
END_FIX
NODOFBEAM
ThermalConcrete.TEM
TRANSLATE 1 4
TRANSLATE 2 1
END_TRANS
ThermalSteel.TEM
TRANSLATE 1 3
TRANSLATE 2 2
END_TRANS
ELEM 1 1 72 5 1
ELEM 2 5 73 6 1
ELEM 3 6 74 7 1
ELEM 4 7 75 8 1
ELEM 5 8 76 9 1
ELEM 6 9 77 10 1
ELEM 7 10 78 11 1
ELEM 8 11 79 12 1
ELEM 9 12 80 13 1
ELEM 10 13 81 14 1
ELEM 11 14 82 15 1
ELEM 12 15 83 16 1
ELEM 13 16 84 17 1
ELEM 14 17 85 18 1
ELEM 15 18 86 2 1
ELEM 16 2 87 19 2
ELEM 17 19 88 20 2
ELEM 18 20 89 21 2
ELEM 19 21 90 22 2
ELEM 20 22 91 23 2
ELEM 21 23 92 24 2
ELEM 22 24 93 25 2
ELEM 23 25 94 26 2
ELEM 24 26 95 27 2
ELEM 25 27 96 28 2
ELEM 26 28 97 29 2
ELEM 27 29 98 30 2
ELEM 28 30 99 31 2
ELEM 29 31 100 32 2
ELEM 30 32 101 33 2
ELEM 31 33 102 34 2
ELEM 32 34 103 35 2
ELEM 33 35 104 36 2
ELEM 34 36 105 37 2
ELEM 35 37 106 38 2
ELEM 36 38 107 39 2
ELEM 37 39 108 40 2
ELEM 38 40 109 41 2
ELEM 39 41 110 42 2
ELEM 40 42 111 43 2
ELEM 41 43 112 44 2
ELEM 42 44 113 45 2
ELEM 43 45 114 46 2
ELEM 44 46 115 47 2
ELEM 45 47 116 48 2
ELEM 46 48 117 49 2
ELEM 47 49 118 50 2
ELEM 48 50 119 51 2
ELEM 49 51 120 52 2
ELEM 50 52 121 53 2
ELEM 51 53 122 54 2
ELEM 52 54 123 55 2
ELEM 53 55 124 56 2
ELEM 54 56 125 57 2
ELEM 55 57 126 3 2
ELEM 56 3 127 58 1
ELEM 57 58 128 59 1
ELEM 58 59 129 60 1
ELEM 59 60 130 61 1
ELEM 60 61 131 62 1
ELEM 61 62 132 63 1
ELEM 62 63 133 64 1
ELEM 63 64 134 65 1
ELEM 64 65 135 66 1
ELEM 65 66 136 67 1
ELEM 66 67 137 68 1
ELEM 67 68 138 69 1
ELEM 68 69 139 70 1
ELEM 69 70 140 71 1
ELEM 70 71 141 4 1
PRECISION 0.01
LOADS
FUNCTION FLOAD
NODELOAD 2 :F 0.0 0.0
DISTRBEAM 16 0.0 -4000.0
DISTRBEAM 17 0.0 -4000.0
DISTRBEAM 18 0.0 -4000.0
DISTRBEAM 19 0.0 -4000.0
DISTRBEAM 20 0.0 -4000.0
DISTRBEAM 21 0.0 -4000.0
DISTRBEAM 22 0.0 -4000.0
DISTRBEAM 23 0.0 -4000.0
DISTRBEAM 24 0.0 -4000.0
DISTRBEAM 25 0.0 -4000.0
DISTRBEAM 26 0.0 -4000.0
DISTRBEAM 27 0.0 -4000.0
DISTRBEAM 28 0.0 -4000.0
DISTRBEAM 29 0.0 -4000.0
DISTRBEAM 30 0.0 -4000.0
DISTRBEAM 31 0.0 -4000.0
DISTRBEAM 32 0.0 -4000.0
DISTRBEAM 33 0.0 -4000.0
DISTRBEAM 34 0.0 -4000.0
DISTRBEAM 35 0.0 -4000.0
DISTRBEAM 36 0.0 -4000.0
DISTRBEAM 37 0.0 -4000.0
DISTRBEAM 38 0.0 -4000.0
DISTRBEAM 39 0.0 -4000.0
DISTRBEAM 40 0.0 -4000.0
DISTRBEAM 41 0.0 -4000.0
DISTRBEAM 42 0.0 -4000.0
DISTRBEAM 43 0.0 -4000.0
DISTRBEAM 44 0.0 -4000.0
DISTRBEAM 45 0.0 -4000.0
DISTRBEAM 46 0.0 -4000.0
DISTRBEAM 47 0.0 -4000.0
DISTRBEAM 48 0.0 -4000.0
DISTRBEAM 49 0.0 -4000.0
DISTRBEAM 50 0.0 -4000.0
DISTRBEAM 51 0.0 -4000.0
DISTRBEAM 52 0.0 -4000.0
DISTRBEAM 53 0.0 -4000.0
DISTRBEAM 54 0.0 -4000.0
DISTRBEAM 55 0.0 -4000.0
END_LOAD
MATERIALS
STEELEC2EN
210000000000 0.3 500000000 1200 0 HOTROLLED CLASS_A
STEELEC3EN
:E 0.3 355000000 1200 0
INSULATION
SILCON_ETC
0.2 30000000 1000000
TIME
4.0 7200.0 128.0
END_TIME
EPSTH
IMPRESSION
TIMEPRINT
30.0 7200.0
END_TIMEPR
PRINTREACT
PRINTMN
PRNSIGMABM  34  2
