InputFile created with GMSH-SAFIR Interface
Safir_Thermal_Analysis
Mesh_from_G4S-Mesher

NNODE 1033
NDIM 2
NDOFMAX 1
TEMPERAT
TETA 0.9
TINITIAL 20
DIAG_CAPA
MAKE.TEM
COMEBACK 1e-05
NMAT 2
ELEMENTS
SOLID 1904
NG 2
NVOID 0
END_ELEM
NODES
NODE 1 0.122800 0.009000
NODE 2 0.122800 0.024000
NODE 3 0.137800 0.024000
NODE 4 0.137800 0.156000
NODE 5 0.166000 0.156000
NODE 6 0.111800 0.020000
NODE 7 0.111800 0.035000
NODE 8 0.126800 0.035000
NODE 9 0.126800 0.167000
NODE 10 0.177000 0.167000
NODE 11 0.166000 0.000000
NODE 12 0.177000 0.000000
NODE 13 0.122800 -0.009000
NODE 14 0.111800 -0.020000
NODE 15 0.137800 -0.024000
NODE 16 0.126800 -0.035000
NODE 17 0.137800 -0.156000
NODE 18 0.126800 -0.167000
NODE 19 0.166000 -0.156000
NODE 20 0.177000 -0.167000
NODE 21 0.000000 0.009000
NODE 22 0.000000 0.020000
NODE 23 0.000000 -0.009000
NODE 24 0.000000 -0.020000
NODE 25 -0.126800 -0.167000
NODE 26 -0.177000 -0.167000
NODE 27 -0.137800 -0.156000
NODE 28 -0.166000 -0.156000
NODE 29 -0.126800 -0.035000
NODE 30 -0.111800 -0.020000
NODE 31 -0.137800 -0.024000
NODE 32 -0.122800 -0.009000
NODE 33 -0.122800 0.009000
NODE 34 -0.166000 0.000000
NODE 35 -0.111800 0.020000
NODE 36 -0.177000 0.000000
NODE 37 -0.137800 0.024000
NODE 38 -0.126800 0.035000
NODE 39 -0.137800 0.156000
NODE 40 -0.126800 0.167000
NODE 41 -0.166000 0.156000
NODE 42 -0.177000 0.167000
NODE 43 0.015350 0.009000
NODE 44 0.030700 0.009000
NODE 45 0.046050 0.009000
NODE 46 0.061400 0.009000
NODE 47 0.076750 0.009000
NODE 48 0.092100 0.009000
NODE 49 0.107450 0.009000
NODE 50 0.137800 0.040500
NODE 51 0.137800 0.057000
NODE 52 0.137800 0.073500
NODE 53 0.137800 0.090000
NODE 54 0.137800 0.106500
NODE 55 0.137800 0.123000
NODE 56 0.137800 0.139500
NODE 57 0.144850 0.156000
NODE 58 0.151900 0.156000
NODE 59 0.158950 0.156000
NODE 60 0.166000 0.136500
NODE 61 0.166000 0.117000
NODE 62 0.166000 0.097500
NODE 63 0.166000 0.078000
NODE 64 0.166000 0.058500
NODE 65 0.166000 0.039000
NODE 66 0.166000 0.019500
NODE 67 0.125726 0.009288
NODE 68 0.128540 0.010142
NODE 69 0.131134 0.011528
NODE 70 0.133407 0.013393
NODE 71 0.135272 0.015666
NODE 72 0.136658 0.018260
NODE 73 0.137512 0.021074
NODE 74 0.013975 0.020000
NODE 75 0.027950 0.020000
NODE 76 0.041925 0.020000
NODE 77 0.055900 0.020000
NODE 78 0.069875 0.020000
NODE 79 0.083850 0.020000
NODE 80 0.097825 0.020000
NODE 81 0.126800 0.051500
NODE 82 0.126800 0.068000
NODE 83 0.126800 0.084500
NODE 84 0.126800 0.101000
NODE 85 0.126800 0.117500
NODE 86 0.126800 0.134000
NODE 87 0.126800 0.150500
NODE 88 0.139350 0.167000
NODE 89 0.151900 0.167000
NODE 90 0.164450 0.167000
NODE 91 0.177000 0.146125
NODE 92 0.177000 0.125250
NODE 93 0.177000 0.104375
NODE 94 0.177000 0.083500
NODE 95 0.177000 0.062625
NODE 96 0.177000 0.041750
NODE 97 0.177000 0.020875
NODE 98 0.114726 0.020288
NODE 99 0.117540 0.021142
NODE 100 0.120134 0.022528
NODE 101 0.122407 0.024393
NODE 102 0.124272 0.026666
NODE 103 0.125658 0.029260
NODE 104 0.126512 0.032074
NODE 105 0.015350 -0.009000
NODE 106 0.030700 -0.009000
NODE 107 0.046050 -0.009000
NODE 108 0.061400 -0.009000
NODE 109 0.076750 -0.009000
NODE 110 0.092100 -0.009000
NODE 111 0.107450 -0.009000
NODE 112 0.013975 -0.020000
NODE 113 0.027950 -0.020000
NODE 114 0.041925 -0.020000
NODE 115 0.055900 -0.020000
NODE 116 0.069875 -0.020000
NODE 117 0.083850 -0.020000
NODE 118 0.097825 -0.020000
NODE 119 0.125726 -0.009288
NODE 120 0.128540 -0.010142
NODE 121 0.131134 -0.011528
NODE 122 0.133407 -0.013393
NODE 123 0.135272 -0.015666
NODE 124 0.136658 -0.018260
NODE 125 0.137512 -0.021074
NODE 126 0.114726 -0.020288
NODE 127 0.117540 -0.021142
NODE 128 0.120134 -0.022528
NODE 129 0.122407 -0.024393
NODE 130 0.124272 -0.026666
NODE 131 0.125658 -0.029260
NODE 132 0.126512 -0.032074
NODE 133 0.137800 -0.040500
NODE 134 0.137800 -0.057000
NODE 135 0.137800 -0.073500
NODE 136 0.137800 -0.090000
NODE 137 0.137800 -0.106500
NODE 138 0.137800 -0.123000
NODE 139 0.137800 -0.139500
NODE 140 0.126800 -0.051500
NODE 141 0.126800 -0.068000
NODE 142 0.126800 -0.084500
NODE 143 0.126800 -0.101000
NODE 144 0.126800 -0.117500
NODE 145 0.126800 -0.134000
NODE 146 0.126800 -0.150500
NODE 147 0.166000 -0.136500
NODE 148 0.166000 -0.117000
NODE 149 0.166000 -0.097500
NODE 150 0.166000 -0.078000
NODE 151 0.166000 -0.058500
NODE 152 0.166000 -0.039000
NODE 153 0.166000 -0.019500
NODE 154 0.141325 -0.156000
NODE 155 0.144850 -0.156000
NODE 156 0.148375 -0.156000
NODE 157 0.151900 -0.156000
NODE 158 0.155425 -0.156000
NODE 159 0.158950 -0.156000
NODE 160 0.162475 -0.156000
NODE 161 0.177000 -0.146125
NODE 162 0.177000 -0.125250
NODE 163 0.177000 -0.104375
NODE 164 0.177000 -0.083500
NODE 165 0.177000 -0.062625
NODE 166 0.177000 -0.041750
NODE 167 0.177000 -0.020875
NODE 168 0.133075 -0.167000
NODE 169 0.139350 -0.167000
NODE 170 0.145625 -0.167000
NODE 171 0.151900 -0.167000
NODE 172 0.158175 -0.167000
NODE 173 0.164450 -0.167000
NODE 174 0.170725 -0.167000
NODE 175 -0.133075 -0.167000
NODE 176 -0.139350 -0.167000
NODE 177 -0.145625 -0.167000
NODE 178 -0.151900 -0.167000
NODE 179 -0.158175 -0.167000
NODE 180 -0.164450 -0.167000
NODE 181 -0.170725 -0.167000
NODE 182 -0.141325 -0.156000
NODE 183 -0.144850 -0.156000
NODE 184 -0.148375 -0.156000
NODE 185 -0.151900 -0.156000
NODE 186 -0.155425 -0.156000
NODE 187 -0.158950 -0.156000
NODE 188 -0.162475 -0.156000
NODE 189 -0.126800 -0.051500
NODE 190 -0.126800 -0.068000
NODE 191 -0.126800 -0.084500
NODE 192 -0.126800 -0.101000
NODE 193 -0.126800 -0.117500
NODE 194 -0.126800 -0.134000
NODE 195 -0.126800 -0.150500
NODE 196 -0.013975 -0.020000
NODE 197 -0.027950 -0.020000
NODE 198 -0.041925 -0.020000
NODE 199 -0.055900 -0.020000
NODE 200 -0.069875 -0.020000
NODE 201 -0.083850 -0.020000
NODE 202 -0.097825 -0.020000
NODE 203 -0.114726 -0.020288
NODE 204 -0.117540 -0.021142
NODE 205 -0.120134 -0.022528
NODE 206 -0.122407 -0.024393
NODE 207 -0.124272 -0.026666
NODE 208 -0.125658 -0.029260
NODE 209 -0.126512 -0.032074
NODE 210 -0.137800 -0.040500
NODE 211 -0.137800 -0.057000
NODE 212 -0.137800 -0.073500
NODE 213 -0.137800 -0.090000
NODE 214 -0.137800 -0.106500
NODE 215 -0.137800 -0.123000
NODE 216 -0.137800 -0.139500
NODE 217 -0.015350 -0.009000
NODE 218 -0.030700 -0.009000
NODE 219 -0.046050 -0.009000
NODE 220 -0.061400 -0.009000
NODE 221 -0.076750 -0.009000
NODE 222 -0.092100 -0.009000
NODE 223 -0.107450 -0.009000
NODE 224 -0.125726 -0.009288
NODE 225 -0.128540 -0.010142
NODE 226 -0.131134 -0.011528
NODE 227 -0.133407 -0.013393
NODE 228 -0.135272 -0.015666
NODE 229 -0.136658 -0.018260
NODE 230 -0.137512 -0.021074
NODE 231 -0.015350 0.009000
NODE 232 -0.030700 0.009000
NODE 233 -0.046050 0.009000
NODE 234 -0.061400 0.009000
NODE 235 -0.076750 0.009000
NODE 236 -0.092100 0.009000
NODE 237 -0.107450 0.009000
NODE 238 -0.166000 -0.136500
NODE 239 -0.166000 -0.117000
NODE 240 -0.166000 -0.097500
NODE 241 -0.166000 -0.078000
NODE 242 -0.166000 -0.058500
NODE 243 -0.166000 -0.039000
NODE 244 -0.166000 -0.019500
NODE 245 -0.013975 0.020000
NODE 246 -0.027950 0.020000
NODE 247 -0.041925 0.020000
NODE 248 -0.055900 0.020000
NODE 249 -0.069875 0.020000
NODE 250 -0.083850 0.020000
NODE 251 -0.097825 0.020000
NODE 252 -0.177000 -0.146125
NODE 253 -0.177000 -0.125250
NODE 254 -0.177000 -0.104375
NODE 255 -0.177000 -0.083500
NODE 256 -0.177000 -0.062625
NODE 257 -0.177000 -0.041750
NODE 258 -0.177000 -0.020875
NODE 259 -0.125726 0.009288
NODE 260 -0.128540 0.010142
NODE 261 -0.131134 0.011528
NODE 262 -0.133407 0.013393
NODE 263 -0.135272 0.015666
NODE 264 -0.136658 0.018260
NODE 265 -0.137512 0.021074
NODE 266 -0.114726 0.020288
NODE 267 -0.117540 0.021142
NODE 268 -0.120134 0.022528
NODE 269 -0.122407 0.024393
NODE 270 -0.124272 0.026666
NODE 271 -0.125658 0.029260
NODE 272 -0.126512 0.032074
NODE 273 -0.137800 0.040500
NODE 274 -0.137800 0.057000
NODE 275 -0.137800 0.073500
NODE 276 -0.137800 0.090000
NODE 277 -0.137800 0.106500
NODE 278 -0.137800 0.123000
NODE 279 -0.137800 0.139500
NODE 280 -0.126800 0.051500
NODE 281 -0.126800 0.068000
NODE 282 -0.126800 0.084500
NODE 283 -0.126800 0.101000
NODE 284 -0.126800 0.117500
NODE 285 -0.126800 0.134000
NODE 286 -0.126800 0.150500
NODE 287 -0.166000 0.136500
NODE 288 -0.166000 0.117000
NODE 289 -0.166000 0.097500
NODE 290 -0.166000 0.078000
NODE 291 -0.166000 0.058500
NODE 292 -0.166000 0.039000
NODE 293 -0.166000 0.019500
NODE 294 -0.141325 0.156000
NODE 295 -0.144850 0.156000
NODE 296 -0.148375 0.156000
NODE 297 -0.151900 0.156000
NODE 298 -0.155425 0.156000
NODE 299 -0.158950 0.156000
NODE 300 -0.162475 0.156000
NODE 301 -0.177000 0.146125
NODE 302 -0.177000 0.125250
NODE 303 -0.177000 0.104375
NODE 304 -0.177000 0.083500
NODE 305 -0.177000 0.062625
NODE 306 -0.177000 0.041750
NODE 307 -0.177000 0.020875
NODE 308 -0.133075 0.167000
NODE 309 -0.139350 0.167000
NODE 310 -0.145625 0.167000
NODE 311 -0.151900 0.167000
NODE 312 -0.158175 0.167000
NODE 313 -0.164450 0.167000
NODE 314 -0.170725 0.167000
NODE 315 0.133813 0.000000
NODE 316 -0.133507 0.000000
NODE 317 0.149703 -0.006697
NODE 318 0.151900 -0.012000
NODE 319 -0.149703 -0.006697
NODE 320 -0.151900 -0.012000
NODE 321 -0.151900 0.012000
NODE 322 -0.149703 0.006697
NODE 323 0.151900 0.012000
NODE 324 0.149703 0.006697
NODE 325 -0.133457 -0.006697
NODE 326 -0.128153 -0.004500
NODE 327 -0.128153 0.004500
NODE 328 -0.133457 0.006697
NODE 329 0.128307 -0.004500
NODE 330 0.133610 -0.006697
NODE 331 0.133610 0.006697
NODE 332 0.128307 0.004500
NODE 333 -0.122800 0.000000
NODE 334 0.122800 0.000000
NODE 335 0.151900 -0.051000
NODE 336 -0.151900 -0.051000
NODE 337 0.092100 0.000000
NODE 338 0.061400 0.000000
NODE 339 0.151900 0.051000
NODE 340 0.151900 0.084000
NODE 341 0.151900 0.123000
NODE 342 0.149907 -0.000000
NODE 343 0.151900 -0.084000
NODE 344 0.144850 -0.123000
NODE 345 0.151900 -0.123000
NODE 346 0.000000 0.000000
NODE 347 0.030700 0.000000
NODE 348 -0.030700 0.000000
NODE 349 -0.061400 0.000000
NODE 350 -0.144850 -0.123000
NODE 351 -0.151900 -0.123000
NODE 352 -0.151900 -0.084000
NODE 353 -0.092100 0.000000
NODE 354 -0.151900 0.051000
NODE 355 -0.149753 0.000000
NODE 356 -0.151900 0.084000
NODE 357 -0.144850 0.123000
NODE 358 -0.151900 0.123000
NODE 359 0.141555 -0.010045
NODE 360 0.143181 -0.012478
NODE 361 0.150802 -0.009348
NODE 362 0.144279 -0.015130
NODE 363 0.157852 -0.003348
NODE 364 0.158950 -0.006000
NODE 365 0.144850 -0.018000
NODE 366 -0.157852 -0.003348
NODE 367 -0.150802 -0.009348
NODE 368 -0.158950 -0.006000
NODE 369 -0.143181 -0.012478
NODE 370 -0.144279 -0.015130
NODE 371 -0.141555 -0.010045
NODE 372 -0.144850 -0.018000
NODE 373 -0.158950 0.006000
NODE 374 -0.150802 0.009348
NODE 375 -0.157852 0.003348
NODE 376 -0.144279 0.015130
NODE 377 -0.143181 0.012478
NODE 378 -0.144850 0.018000
NODE 379 -0.141555 0.010045
NODE 380 0.144850 0.018000
NODE 381 0.144279 0.015130
NODE 382 0.150802 0.009348
NODE 383 0.143181 0.012478
NODE 384 0.158950 0.006000
NODE 385 0.157852 0.003348
NODE 386 0.141555 0.010045
NODE 387 -0.133432 -0.010045
NODE 388 -0.130998 -0.008419
NODE 389 -0.130805 -0.005598
NODE 390 -0.128347 -0.007321
NODE 391 -0.133482 -0.003348
NODE 392 -0.130830 -0.002250
NODE 393 -0.125477 -0.006750
NODE 394 -0.125477 0.006750
NODE 395 -0.128347 0.007321
NODE 396 -0.130805 0.005598
NODE 397 -0.130998 0.008419
NODE 398 -0.130830 0.002250
NODE 399 -0.133482 0.003348
NODE 400 -0.133432 0.010045
NODE 401 0.125553 -0.006750
NODE 402 0.128423 -0.007321
NODE 403 0.130958 -0.005598
NODE 404 0.131075 -0.008419
NODE 405 0.131060 -0.002250
NODE 406 0.133711 -0.003348
NODE 407 0.133508 -0.010045
NODE 408 0.133508 0.010045
NODE 409 0.131075 0.008419
NODE 410 0.130958 0.005598
NODE 411 0.128423 0.007321
NODE 412 0.133711 0.003348
NODE 413 0.131060 0.002250
NODE 414 0.125553 0.006750
NODE 415 -0.125477 -0.002250
NODE 416 -0.122800 -0.004500
NODE 417 -0.128153 0.000000
NODE 418 -0.125477 0.002250
NODE 419 -0.122800 0.004500
NODE 420 0.125553 0.002250
NODE 421 0.122800 0.004500
NODE 422 0.128307 0.000000
NODE 423 0.125553 -0.002250
NODE 424 0.122800 -0.004500
NODE 425 0.151900 -0.031500
NODE 426 0.144850 -0.037500
NODE 427 0.158950 -0.025500
NODE 428 0.158950 -0.045000
NODE 429 0.158950 -0.064500
NODE 430 -0.144850 -0.037500
NODE 431 -0.151900 -0.031500
NODE 432 -0.158950 -0.045000
NODE 433 -0.158950 -0.025500
NODE 434 -0.158950 -0.064500
NODE 435 0.107450 0.000000
NODE 436 0.107450 0.004500
NODE 437 0.107450 -0.004500
NODE 438 0.092100 -0.004500
NODE 439 0.076750 -0.004500
NODE 440 0.092100 0.004500
NODE 441 0.076750 0.000000
NODE 442 0.076750 0.004500
NODE 443 0.061400 -0.004500
NODE 444 0.061400 0.004500
NODE 445 0.158950 0.045000
NODE 446 0.158950 0.064500
NODE 447 0.158950 0.025500
NODE 448 0.151900 0.031500
NODE 449 0.144850 0.037500
NODE 450 0.151900 0.067500
NODE 451 0.158950 0.081000
NODE 452 0.144850 0.054000
NODE 453 0.144850 0.070500
NODE 454 0.144850 0.087000
NODE 455 0.144850 0.139500
NODE 456 0.151900 0.139500
NODE 457 0.144850 0.123000
NODE 458 0.158950 0.139500
NODE 459 0.144850 0.106500
NODE 460 0.151900 0.103500
NODE 461 0.158950 0.120000
NODE 462 0.158950 0.100500
NODE 463 0.157953 -0.000000
NODE 464 0.149805 0.003348
NODE 465 0.141758 0.003348
NODE 466 0.141657 0.006697
NODE 467 0.141860 0.000000
NODE 468 0.141657 -0.006697
NODE 469 0.141758 -0.003348
NODE 470 0.149805 -0.003348
NODE 471 0.144850 -0.054000
NODE 472 0.151900 -0.067500
NODE 473 0.144850 -0.070500
NODE 474 0.158950 -0.081000
NODE 475 0.144850 -0.087000
NODE 476 0.141325 -0.106500
NODE 477 0.141325 -0.123000
NODE 478 0.144850 -0.139500
NODE 479 0.141325 -0.139500
NODE 480 0.148375 -0.139500
NODE 481 0.158950 -0.100500
NODE 482 0.158950 -0.120000
NODE 483 0.151900 -0.103500
NODE 484 0.158950 -0.139500
NODE 485 0.144850 -0.106500
NODE 486 0.148375 -0.123000
NODE 487 0.155425 -0.139500
NODE 488 0.151900 -0.139500
NODE 489 0.030700 -0.004500
NODE 490 0.046050 -0.004500
NODE 491 0.015350 -0.004500
NODE 492 0.015350 0.000000
NODE 493 0.000000 -0.004500
NODE 494 0.000000 0.004500
NODE 495 0.015350 0.004500
NODE 496 -0.015350 0.004500
NODE 497 -0.015350 0.000000
NODE 498 -0.030700 0.004500
NODE 499 -0.015350 -0.004500
NODE 500 -0.046050 0.004500
NODE 501 0.046050 0.004500
NODE 502 0.046050 0.000000
NODE 503 0.030700 0.004500
NODE 504 -0.030700 -0.004500
NODE 505 -0.046050 -0.004500
NODE 506 -0.046050 0.000000
NODE 507 -0.061400 -0.004500
NODE 508 -0.061400 0.004500
NODE 509 -0.141325 -0.139500
NODE 510 -0.144850 -0.139500
NODE 511 -0.141325 -0.123000
NODE 512 -0.148375 -0.139500
NODE 513 -0.141325 -0.106500
NODE 514 -0.148375 -0.123000
NODE 515 -0.144850 -0.106500
NODE 516 -0.151900 -0.139500
NODE 517 -0.155425 -0.139500
NODE 518 -0.158950 -0.139500
NODE 519 -0.158950 -0.120000
NODE 520 -0.158950 -0.100500
NODE 521 -0.151900 -0.103500
NODE 522 -0.158950 -0.081000
NODE 523 -0.144850 -0.087000
NODE 524 -0.144850 -0.070500
NODE 525 -0.151900 -0.067500
NODE 526 -0.144850 -0.054000
NODE 527 -0.076750 0.004500
NODE 528 -0.092100 0.004500
NODE 529 -0.107450 0.000000
NODE 530 -0.107450 0.004500
NODE 531 -0.107450 -0.004500
NODE 532 -0.076750 0.000000
NODE 533 -0.076750 -0.004500
NODE 534 -0.092100 -0.004500
NODE 535 -0.158950 0.064500
NODE 536 -0.158950 0.045000
NODE 537 -0.151900 0.031500
NODE 538 -0.158950 0.025500
NODE 539 -0.144850 0.037500
NODE 540 -0.157877 0.000000
NODE 541 -0.149728 -0.003348
NODE 542 -0.141605 -0.003348
NODE 543 -0.141580 -0.006697
NODE 544 -0.141630 0.000000
NODE 545 -0.141580 0.006697
NODE 546 -0.141605 0.003348
NODE 547 -0.149728 0.003348
NODE 548 -0.144850 0.070500
NODE 549 -0.144850 0.087000
NODE 550 -0.144850 0.054000
NODE 551 -0.151900 0.067500
NODE 552 -0.158950 0.081000
NODE 553 -0.141325 0.106500
NODE 554 -0.141325 0.123000
NODE 555 -0.144850 0.139500
NODE 556 -0.141325 0.139500
NODE 557 -0.148375 0.139500
NODE 558 -0.158950 0.100500
NODE 559 -0.158950 0.120000
NODE 560 -0.151900 0.103500
NODE 561 -0.158950 0.139500
NODE 562 -0.144850 0.106500
NODE 563 -0.155425 0.139500
NODE 564 -0.151900 0.139500
NODE 565 -0.148375 0.123000
NODE 566 -0.132300 -0.161500
NODE 567 -0.144850 -0.161500
NODE 568 -0.132300 0.161500
NODE 569 -0.144850 0.161500
NODE 570 0.144850 -0.161500
NODE 571 0.132300 -0.161500
NODE 572 -0.151900 -0.161500
NODE 573 0.151900 -0.161500
NODE 574 -0.151900 0.161500
NODE 575 -0.122603 0.016697
NODE 576 -0.127907 0.018893
NODE 577 -0.122603 -0.016697
NODE 578 -0.127907 -0.018893
NODE 579 0.127907 0.018893
NODE 580 0.122603 0.016697
NODE 581 0.127907 -0.018893
NODE 582 0.122603 -0.016697
NODE 583 0.130103 -0.024197
NODE 584 -0.130103 -0.024197
NODE 585 -0.130103 0.024197
NODE 586 0.130103 0.024197
NODE 587 0.158950 -0.161500
NODE 588 -0.158950 -0.161500
NODE 589 -0.158950 0.161500
NODE 590 0.171500 -0.161500
NODE 591 -0.171500 0.161500
NODE 592 -0.171500 -0.161500
NODE 593 0.117300 0.014500
NODE 594 -0.117300 0.014500
NODE 595 0.117300 -0.014500
NODE 596 -0.117300 -0.014500
NODE 597 0.132300 -0.029500
NODE 598 -0.132300 0.029500
NODE 599 0.132300 0.029500
NODE 600 -0.132300 -0.029500
NODE 601 0.086600 0.014500
NODE 602 0.132300 0.062500
NODE 603 0.157400 0.161500
NODE 604 0.171500 0.161500
NODE 605 0.132300 0.161500
NODE 606 0.132300 0.128500
NODE 607 0.132300 0.095500
NODE 608 0.171500 0.119750
NODE 609 0.171500 0.080750
NODE 610 0.171500 0.039000
NODE 611 0.171500 -0.080750
NODE 612 0.171500 -0.039000
NODE 613 0.086600 -0.014500
NODE 614 0.132300 -0.062500
NODE 615 0.132300 -0.095500
NODE 616 0.132300 -0.128500
NODE 617 0.171500 -0.119750
NODE 618 -0.132300 -0.128500
NODE 619 -0.171500 -0.119750
NODE 620 -0.132300 -0.095500
NODE 621 -0.171500 -0.080750
NODE 622 -0.132300 -0.062500
NODE 623 -0.086600 -0.014500
NODE 624 -0.086600 0.014500
NODE 625 -0.171500 -0.039000
NODE 626 -0.171500 0.039000
NODE 627 -0.171500 0.080750
NODE 628 -0.132300 0.062500
NODE 629 -0.132300 0.095500
NODE 630 -0.132300 0.128500
NODE 631 -0.171500 0.119750
NODE 632 0.058650 0.014500
NODE 633 0.171500 -0.000000
NODE 634 0.058650 -0.014500
NODE 635 0.027950 0.014500
NODE 636 0.000000 0.014500
NODE 637 -0.027950 0.014500
NODE 638 -0.058650 0.014500
NODE 639 0.027950 -0.014500
NODE 640 0.000000 -0.014500
NODE 641 -0.027950 -0.014500
NODE 642 -0.058650 -0.014500
NODE 643 -0.171500 0.000000
NODE 644 -0.135050 -0.158750
NODE 645 -0.138575 -0.161500
NODE 646 -0.141325 -0.158750
NODE 647 -0.135825 -0.164250
NODE 648 -0.142100 -0.164250
NODE 649 -0.129550 -0.164250
NODE 650 -0.148375 -0.164250
NODE 651 -0.129550 0.164250
NODE 652 -0.135825 0.164250
NODE 653 -0.138575 0.161500
NODE 654 -0.142100 0.164250
NODE 655 -0.135050 0.158750
NODE 656 -0.141325 0.158750
NODE 657 -0.148375 0.164250
NODE 658 0.141325 -0.158750
NODE 659 0.138575 -0.161500
NODE 660 0.135050 -0.158750
NODE 661 0.142100 -0.164250
NODE 662 0.135825 -0.164250
NODE 663 0.148375 -0.164250
NODE 664 0.129550 -0.164250
NODE 665 -0.144850 -0.158750
NODE 666 -0.148375 -0.161500
NODE 667 -0.148375 -0.158750
NODE 668 -0.151900 -0.164250
NODE 669 -0.151900 -0.158750
NODE 670 0.151900 -0.158750
NODE 671 0.148375 -0.158750
NODE 672 0.148375 -0.161500
NODE 673 0.144850 -0.158750
NODE 674 0.151900 -0.164250
NODE 675 -0.148375 0.161500
NODE 676 -0.151900 0.164250
NODE 677 -0.144850 0.158750
NODE 678 -0.148375 0.158750
NODE 679 -0.151900 0.158750
NODE 680 -0.122505 0.020545
NODE 681 -0.125255 0.017795
NODE 682 -0.125157 0.021643
NODE 683 -0.125572 0.013419
NODE 684 -0.128223 0.014518
NODE 685 -0.122702 0.012848
NODE 686 -0.130657 0.016143
NODE 687 -0.122702 -0.012848
NODE 688 -0.125572 -0.013419
NODE 689 -0.125255 -0.017795
NODE 690 -0.128223 -0.014518
NODE 691 -0.122505 -0.020545
NODE 692 -0.125157 -0.021643
NODE 693 -0.130657 -0.016143
NODE 694 0.125157 0.021643
NODE 695 0.125255 0.017795
NODE 696 0.122505 0.020545
NODE 697 0.128223 0.014518
NODE 698 0.125572 0.013419
NODE 699 0.130657 0.016143
NODE 700 0.122702 0.012848
NODE 701 0.130657 -0.016143
NODE 702 0.128223 -0.014518
NODE 703 0.125255 -0.017795
NODE 704 0.125572 -0.013419
NODE 705 0.125157 -0.021643
NODE 706 0.122505 -0.020545
NODE 707 0.122702 -0.012848
NODE 708 0.133952 -0.024098
NODE 709 0.133381 -0.021228
NODE 710 0.129005 -0.021545
NODE 711 0.132282 -0.018577
NODE 712 0.126255 -0.024295
NODE 713 -0.132282 -0.018577
NODE 714 -0.129005 -0.021545
NODE 715 -0.133381 -0.021228
NODE 716 -0.126255 -0.024295
NODE 717 -0.133952 -0.024098
NODE 718 -0.132282 0.018577
NODE 719 -0.133381 0.021228
NODE 720 -0.129005 0.021545
NODE 721 -0.133952 0.024098
NODE 722 -0.126255 0.024295
NODE 723 0.133381 0.021228
NODE 724 0.133952 0.024098
NODE 725 0.132282 0.018577
NODE 726 0.129005 0.021545
NODE 727 0.126255 0.024295
NODE 728 0.155425 -0.158750
NODE 729 0.158950 -0.158750
NODE 730 0.155425 -0.161500
NODE 731 0.162475 -0.158750
NODE 732 0.155425 -0.164250
NODE 733 -0.155425 -0.158750
NODE 734 -0.155425 -0.161500
NODE 735 -0.158950 -0.158750
NODE 736 -0.155425 -0.164250
NODE 737 -0.162475 -0.158750
NODE 738 -0.155425 0.158750
NODE 739 -0.158950 0.158750
NODE 740 -0.155425 0.161500
NODE 741 -0.162475 0.158750
NODE 742 -0.155425 0.164250
NODE 743 0.161700 -0.164250
NODE 744 0.165225 -0.161500
NODE 745 0.167975 -0.164250
NODE 746 0.168750 -0.158750
NODE 747 0.174250 -0.164250
NODE 748 -0.161700 0.164250
NODE 749 -0.165225 0.161500
NODE 750 -0.167975 0.164250
NODE 751 -0.168750 0.158750
NODE 752 -0.174250 0.164250
NODE 753 -0.161700 -0.164250
NODE 754 -0.167975 -0.164250
NODE 755 -0.165225 -0.161500
NODE 756 -0.174250 -0.164250
NODE 757 -0.168750 -0.158750
NODE 758 0.117420 0.017821
NODE 759 0.114550 0.017250
NODE 760 0.120072 0.018919
NODE 761 0.119952 0.015598
NODE 762 0.120050 0.011750
NODE 763 -0.114550 0.017250
NODE 764 -0.117420 0.017821
NODE 765 -0.119952 0.015598
NODE 766 -0.120072 0.018919
NODE 767 -0.120050 0.011750
NODE 768 0.119952 -0.015598
NODE 769 0.120050 -0.011750
NODE 770 0.120072 -0.018919
NODE 771 0.117420 -0.017821
NODE 772 0.114550 -0.017250
NODE 773 -0.120050 -0.011750
NODE 774 -0.119952 -0.015598
NODE 775 -0.117420 -0.017821
NODE 776 -0.120072 -0.018919
NODE 777 -0.114550 -0.017250
NODE 778 0.128979 -0.029380
NODE 779 0.129550 -0.032250
NODE 780 0.127881 -0.026728
NODE 781 0.131202 -0.026848
NODE 782 0.135050 -0.026750
NODE 783 -0.127881 0.026728
NODE 784 -0.131202 0.026848
NODE 785 -0.128979 0.029380
NODE 786 -0.135050 0.026750
NODE 787 -0.129550 0.032250
NODE 788 0.129550 0.032250
NODE 789 0.128979 0.029380
NODE 790 0.131202 0.026848
NODE 791 0.127881 0.026728
NODE 792 0.135050 0.026750
NODE 793 -0.127881 -0.026728
NODE 794 -0.128979 -0.029380
NODE 795 -0.131202 -0.026848
NODE 796 -0.129550 -0.032250
NODE 797 -0.135050 -0.026750
NODE 798 0.104700 0.011750
NODE 799 0.089350 0.011750
NODE 800 0.101950 0.014500
NODE 801 0.074000 0.011750
NODE 802 0.099200 0.017250
NODE 803 0.135050 0.059750
NODE 804 0.135050 0.076250
NODE 805 0.135050 0.043250
NODE 806 0.132300 0.046000
NODE 807 0.129550 0.048750
NODE 808 0.147600 0.158750
NODE 809 0.154650 0.158750
NODE 810 0.164450 0.161500
NODE 811 0.161700 0.158750
NODE 812 0.167200 0.164250
NODE 813 0.174250 0.164250
NODE 814 0.168750 0.158750
NODE 815 0.135050 0.158750
NODE 816 0.144850 0.161500
NODE 817 0.142100 0.164250
NODE 818 0.154650 0.164250
NODE 819 0.129550 0.164250
NODE 820 0.135050 0.142250
NODE 821 0.132300 0.145000
NODE 822 0.129550 0.131250
NODE 823 0.129550 0.147750
NODE 824 0.129550 0.114750
NODE 825 0.135050 0.125750
NODE 826 0.135050 0.109250
NODE 827 0.132300 0.112000
NODE 828 0.135050 0.092750
NODE 829 0.129550 0.098250
NODE 830 0.174250 0.143375
NODE 831 0.174250 0.122500
NODE 832 0.171500 0.140625
NODE 833 0.174250 0.101625
NODE 834 0.168750 0.137875
NODE 835 0.168750 0.098875
NODE 836 0.168750 0.079375
NODE 837 0.168750 0.118375
NODE 838 0.171500 0.100250
NODE 839 0.174250 0.082125
NODE 840 0.129550 0.081750
NODE 841 0.132300 0.079000
NODE 842 0.129550 0.065250
NODE 843 0.174250 0.019500
NODE 844 0.174250 0.040375
NODE 845 0.171500 0.059875
NODE 846 0.174250 0.061250
NODE 847 0.168750 0.058500
NODE 848 0.174250 -0.082125
NODE 849 0.174250 -0.061250
NODE 850 0.171500 -0.059875
NODE 851 0.174250 -0.040375
NODE 852 0.168750 -0.079375
NODE 853 0.168750 -0.058500
NODE 854 0.174250 -0.019500
NODE 855 0.099200 -0.017250
NODE 856 0.101950 -0.014500
NODE 857 0.089350 -0.011750
NODE 858 0.104700 -0.011750
NODE 859 0.074000 -0.011750
NODE 860 0.132300 -0.046000
NODE 861 0.129550 -0.048750
NODE 862 0.135050 -0.043250
NODE 863 0.135050 -0.059750
NODE 864 0.135050 -0.076250
NODE 865 0.135050 -0.092750
NODE 866 0.132300 -0.079000
NODE 867 0.129550 -0.081750
NODE 868 0.129550 -0.065250
NODE 869 0.129550 -0.098250
NODE 870 0.129550 -0.147750
NODE 871 0.129550 -0.131250
NODE 872 0.132300 -0.145000
NODE 873 0.129550 -0.114750
NODE 874 0.135050 -0.142250
NODE 875 0.132300 -0.112000
NODE 876 0.135050 -0.109250
NODE 877 0.135050 -0.125750
NODE 878 0.174250 -0.143375
NODE 879 0.171500 -0.140625
NODE 880 0.174250 -0.122500
NODE 881 0.168750 -0.137875
NODE 882 0.174250 -0.101625
NODE 883 0.171500 -0.100250
NODE 884 0.168750 -0.118375
NODE 885 0.168750 -0.098875
NODE 886 -0.129550 -0.131250
NODE 887 -0.129550 -0.114750
NODE 888 -0.129550 -0.147750
NODE 889 -0.132300 -0.145000
NODE 890 -0.135050 -0.142250
NODE 891 -0.174250 -0.143375
NODE 892 -0.174250 -0.122500
NODE 893 -0.171500 -0.140625
NODE 894 -0.174250 -0.101625
NODE 895 -0.168750 -0.137875
NODE 896 -0.135050 -0.125750
NODE 897 -0.135050 -0.109250
NODE 898 -0.132300 -0.112000
NODE 899 -0.135050 -0.092750
NODE 900 -0.129550 -0.098250
NODE 901 -0.168750 -0.098875
NODE 902 -0.168750 -0.079375
NODE 903 -0.168750 -0.118375
NODE 904 -0.171500 -0.100250
NODE 905 -0.174250 -0.082125
NODE 906 -0.135050 -0.059750
NODE 907 -0.135050 -0.076250
NODE 908 -0.135050 -0.043250
NODE 909 -0.132300 -0.046000
NODE 910 -0.129550 -0.048750
NODE 911 -0.132300 -0.079000
NODE 912 -0.129550 -0.065250
NODE 913 -0.129550 -0.081750
NODE 914 -0.104700 -0.011750
NODE 915 -0.089350 -0.011750
NODE 916 -0.101950 -0.014500
NODE 917 -0.074000 -0.011750
NODE 918 -0.099200 -0.017250
NODE 919 -0.099200 0.017250
NODE 920 -0.101950 0.014500
NODE 921 -0.089350 0.011750
NODE 922 -0.104700 0.011750
NODE 923 -0.074000 0.011750
NODE 924 -0.171500 -0.059875
NODE 925 -0.168750 -0.058500
NODE 926 -0.174250 -0.061250
NODE 927 -0.174250 -0.040375
NODE 928 -0.174250 -0.019500
NODE 929 -0.168750 0.058500
NODE 930 -0.171500 0.059875
NODE 931 -0.168750 0.079375
NODE 932 -0.174250 0.040375
NODE 933 -0.174250 0.061250
NODE 934 -0.174250 0.019500
NODE 935 -0.174250 0.082125
NODE 936 -0.132300 0.046000
NODE 937 -0.129550 0.048750
NODE 938 -0.135050 0.043250
NODE 939 -0.135050 0.059750
NODE 940 -0.135050 0.076250
NODE 941 -0.129550 0.065250
NODE 942 -0.132300 0.079000
NODE 943 -0.129550 0.081750
NODE 944 -0.135050 0.092750
NODE 945 -0.129550 0.098250
NODE 946 -0.129550 0.114750
NODE 947 -0.129550 0.131250
NODE 948 -0.132300 0.145000
NODE 949 -0.129550 0.147750
NODE 950 -0.135050 0.142250
NODE 951 -0.132300 0.112000
NODE 952 -0.135050 0.109250
NODE 953 -0.135050 0.125750
NODE 954 -0.174250 0.143375
NODE 955 -0.171500 0.140625
NODE 956 -0.174250 0.122500
NODE 957 -0.168750 0.137875
NODE 958 -0.174250 0.101625
NODE 959 -0.171500 0.100250
NODE 960 -0.168750 0.118375
NODE 961 -0.168750 0.098875
NODE 962 0.085225 0.017250
NODE 963 0.072625 0.014500
NODE 964 0.071250 0.017250
NODE 965 0.060025 0.011750
NODE 966 0.057275 0.017250
NODE 967 0.168750 0.019500
NODE 968 0.168750 -0.000000
NODE 969 0.168750 0.039000
NODE 970 0.171500 0.019500
NODE 971 0.174250 -0.000000
NODE 972 0.171500 -0.019500
NODE 973 0.168750 -0.039000
NODE 974 0.168750 -0.019500
NODE 975 0.085225 -0.017250
NODE 976 0.071250 -0.017250
NODE 977 0.072625 -0.014500
NODE 978 0.057275 -0.017250
NODE 979 0.060025 -0.011750
NODE 980 0.013975 0.017250
NODE 981 0.000000 0.017250
NODE 982 0.027950 0.017250
NODE 983 0.013975 0.014500
NODE 984 0.041925 0.017250
NODE 985 0.013975 0.011750
NODE 986 0.000000 0.011750
NODE 987 -0.027950 0.017250
NODE 988 -0.041925 0.017250
NODE 989 -0.013975 0.017250
NODE 990 -0.013975 0.014500
NODE 991 -0.013975 0.011750
NODE 992 0.043300 0.014500
NODE 993 0.044675 0.011750
NODE 994 0.029325 0.011750
NODE 995 -0.060025 0.011750
NODE 996 -0.044675 0.011750
NODE 997 -0.043300 0.014500
NODE 998 -0.029325 0.011750
NODE 999 -0.057275 0.017250
NODE 1000 0.013975 -0.011750
NODE 1001 0.013975 -0.014500
NODE 1002 0.000000 -0.011750
NODE 1003 0.027950 -0.017250
NODE 1004 0.013975 -0.017250
NODE 1005 0.041925 -0.017250
NODE 1006 0.000000 -0.017250
NODE 1007 -0.013975 -0.014500
NODE 1008 -0.013975 -0.011750
NODE 1009 -0.013975 -0.017250
NODE 1010 -0.027950 -0.017250
NODE 1011 -0.041925 -0.017250
NODE 1012 0.044675 -0.011750
NODE 1013 0.043300 -0.014500
NODE 1014 0.029325 -0.011750
NODE 1015 -0.029325 -0.011750
NODE 1016 -0.043300 -0.014500
NODE 1017 -0.044675 -0.011750
NODE 1018 -0.057275 -0.017250
NODE 1019 -0.060025 -0.011750
NODE 1020 -0.071250 -0.017250
NODE 1021 -0.085225 -0.017250
NODE 1022 -0.072625 -0.014500
NODE 1023 -0.168750 -0.019500
NODE 1024 -0.168750 0.000000
NODE 1025 -0.168750 -0.039000
NODE 1026 -0.171500 -0.019500
NODE 1027 -0.174250 0.000000
NODE 1028 -0.171500 0.019500
NODE 1029 -0.168750 0.039000
NODE 1030 -0.168750 0.019500
NODE 1031 -0.072625 0.014500
NODE 1032 -0.085225 0.017250
NODE 1033 -0.071250 0.017250
NODELINE 0.0 0.0
YC_ZC 0.0 0.0
FIXATIONS
END_FIX
NODOFSOLID
ELEM 1 122 359 123 0 2 0.0
ELEM 2 359 360 123 0 2 0.0
ELEM 3 359 317 360 0 2 0.0
ELEM 4 123 360 124 0 2 0.0
ELEM 5 317 361 360 0 2 0.0
ELEM 6 361 362 360 0 2 0.0
ELEM 7 361 318 362 0 2 0.0
ELEM 8 360 362 124 0 2 0.0
ELEM 9 317 363 361 0 2 0.0
ELEM 10 363 364 361 0 2 0.0
ELEM 11 363 11 364 0 2 0.0
ELEM 12 361 364 318 0 2 0.0
ELEM 13 124 362 125 0 2 0.0
ELEM 14 362 365 125 0 2 0.0
ELEM 15 362 318 365 0 2 0.0
ELEM 16 125 365 15 0 2 0.0
ELEM 17 34 366 368 0 2 0.0
ELEM 18 366 367 368 0 2 0.0
ELEM 19 366 319 367 0 2 0.0
ELEM 20 368 367 320 0 2 0.0
ELEM 21 319 369 367 0 2 0.0
ELEM 22 369 370 367 0 2 0.0
ELEM 23 369 229 370 0 2 0.0
ELEM 24 367 370 320 0 2 0.0
ELEM 25 319 371 369 0 2 0.0
ELEM 26 371 228 369 0 2 0.0
ELEM 27 371 227 228 0 2 0.0
ELEM 28 369 228 229 0 2 0.0
ELEM 29 320 370 372 0 2 0.0
ELEM 30 370 230 372 0 2 0.0
ELEM 31 370 229 230 0 2 0.0
ELEM 32 372 230 31 0 2 0.0
ELEM 33 34 373 375 0 2 0.0
ELEM 34 373 374 375 0 2 0.0
ELEM 35 373 321 374 0 2 0.0
ELEM 36 375 374 322 0 2 0.0
ELEM 37 321 376 374 0 2 0.0
ELEM 38 376 377 374 0 2 0.0
ELEM 39 376 264 377 0 2 0.0
ELEM 40 374 377 322 0 2 0.0
ELEM 41 321 378 376 0 2 0.0
ELEM 42 378 265 376 0 2 0.0
ELEM 43 378 37 265 0 2 0.0
ELEM 44 376 265 264 0 2 0.0
ELEM 45 322 377 379 0 2 0.0
ELEM 46 377 263 379 0 2 0.0
ELEM 47 377 264 263 0 2 0.0
ELEM 48 379 263 262 0 2 0.0
ELEM 49 3 380 73 0 2 0.0
ELEM 50 380 381 73 0 2 0.0
ELEM 51 380 323 381 0 2 0.0
ELEM 52 73 381 72 0 2 0.0
ELEM 53 323 382 381 0 2 0.0
ELEM 54 382 383 381 0 2 0.0
ELEM 55 382 324 383 0 2 0.0
ELEM 56 381 383 72 0 2 0.0
ELEM 57 323 384 382 0 2 0.0
ELEM 58 384 385 382 0 2 0.0
ELEM 59 384 11 385 0 2 0.0
ELEM 60 382 385 324 0 2 0.0
ELEM 61 72 383 71 0 2 0.0
ELEM 62 383 386 71 0 2 0.0
ELEM 63 383 324 386 0 2 0.0
ELEM 64 71 386 70 0 2 0.0
ELEM 65 227 387 226 0 2 0.0
ELEM 66 387 388 226 0 2 0.0
ELEM 67 387 325 388 0 2 0.0
ELEM 68 226 388 225 0 2 0.0
ELEM 69 325 389 388 0 2 0.0
ELEM 70 389 390 388 0 2 0.0
ELEM 71 389 326 390 0 2 0.0
ELEM 72 388 390 225 0 2 0.0
ELEM 73 325 391 389 0 2 0.0
ELEM 74 391 392 389 0 2 0.0
ELEM 75 391 316 392 0 2 0.0
ELEM 76 389 392 326 0 2 0.0
ELEM 77 225 390 224 0 2 0.0
ELEM 78 390 393 224 0 2 0.0
ELEM 79 390 326 393 0 2 0.0
ELEM 80 224 393 32 0 2 0.0
ELEM 81 33 394 259 0 2 0.0
ELEM 82 394 395 259 0 2 0.0
ELEM 83 394 327 395 0 2 0.0
ELEM 84 259 395 260 0 2 0.0
ELEM 85 327 396 395 0 2 0.0
ELEM 86 396 397 395 0 2 0.0
ELEM 87 396 328 397 0 2 0.0
ELEM 88 395 397 260 0 2 0.0
ELEM 89 327 398 396 0 2 0.0
ELEM 90 398 399 396 0 2 0.0
ELEM 91 398 316 399 0 2 0.0
ELEM 92 396 399 328 0 2 0.0
ELEM 93 260 397 261 0 2 0.0
ELEM 94 397 400 261 0 2 0.0
ELEM 95 397 328 400 0 2 0.0
ELEM 96 261 400 262 0 2 0.0
ELEM 97 13 401 119 0 2 0.0
ELEM 98 401 402 119 0 2 0.0
ELEM 99 401 329 402 0 2 0.0
ELEM 100 119 402 120 0 2 0.0
ELEM 101 329 403 402 0 2 0.0
ELEM 102 403 404 402 0 2 0.0
ELEM 103 403 330 404 0 2 0.0
ELEM 104 402 404 120 0 2 0.0
ELEM 105 329 405 403 0 2 0.0
ELEM 106 405 406 403 0 2 0.0
ELEM 107 405 315 406 0 2 0.0
ELEM 108 403 406 330 0 2 0.0
ELEM 109 120 404 121 0 2 0.0
ELEM 110 404 407 121 0 2 0.0
ELEM 111 404 330 407 0 2 0.0
ELEM 112 121 407 122 0 2 0.0
ELEM 113 70 408 69 0 2 0.0
ELEM 114 408 409 69 0 2 0.0
ELEM 115 408 331 409 0 2 0.0
ELEM 116 69 409 68 0 2 0.0
ELEM 117 331 410 409 0 2 0.0
ELEM 118 410 411 409 0 2 0.0
ELEM 119 410 332 411 0 2 0.0
ELEM 120 409 411 68 0 2 0.0
ELEM 121 331 412 410 0 2 0.0
ELEM 122 412 413 410 0 2 0.0
ELEM 123 412 315 413 0 2 0.0
ELEM 124 410 413 332 0 2 0.0
ELEM 125 68 411 67 0 2 0.0
ELEM 126 411 414 67 0 2 0.0
ELEM 127 411 332 414 0 2 0.0
ELEM 128 67 414 1 0 2 0.0
ELEM 129 32 393 416 0 2 0.0
ELEM 130 393 415 416 0 2 0.0
ELEM 131 393 326 415 0 2 0.0
ELEM 132 416 415 333 0 2 0.0
ELEM 133 326 417 415 0 2 0.0
ELEM 134 417 418 415 0 2 0.0
ELEM 135 417 327 418 0 2 0.0
ELEM 136 415 418 333 0 2 0.0
ELEM 137 326 392 417 0 2 0.0
ELEM 138 392 398 417 0 2 0.0
ELEM 139 392 316 398 0 2 0.0
ELEM 140 417 398 327 0 2 0.0
ELEM 141 333 418 419 0 2 0.0
ELEM 142 418 394 419 0 2 0.0
ELEM 143 418 327 394 0 2 0.0
ELEM 144 419 394 33 0 2 0.0
ELEM 145 1 414 421 0 2 0.0
ELEM 146 414 420 421 0 2 0.0
ELEM 147 414 332 420 0 2 0.0
ELEM 148 421 420 334 0 2 0.0
ELEM 149 332 422 420 0 2 0.0
ELEM 150 422 423 420 0 2 0.0
ELEM 151 422 329 423 0 2 0.0
ELEM 152 420 423 334 0 2 0.0
ELEM 153 332 413 422 0 2 0.0
ELEM 154 413 405 422 0 2 0.0
ELEM 155 413 315 405 0 2 0.0
ELEM 156 422 405 329 0 2 0.0
ELEM 157 334 423 424 0 2 0.0
ELEM 158 423 401 424 0 2 0.0
ELEM 159 423 329 401 0 2 0.0
ELEM 160 424 401 13 0 2 0.0
ELEM 161 15 365 426 0 2 0.0
ELEM 162 365 425 426 0 2 0.0
ELEM 163 365 318 425 0 2 0.0
ELEM 164 426 425 335 0 2 0.0
ELEM 165 318 427 425 0 2 0.0
ELEM 166 427 428 425 0 2 0.0
ELEM 167 427 152 428 0 2 0.0
ELEM 168 425 428 335 0 2 0.0
ELEM 169 318 364 427 0 2 0.0
ELEM 170 364 153 427 0 2 0.0
ELEM 171 364 11 153 0 2 0.0
ELEM 172 427 153 152 0 2 0.0
ELEM 173 335 428 429 0 2 0.0
ELEM 174 428 151 429 0 2 0.0
ELEM 175 428 152 151 0 2 0.0
ELEM 176 429 151 150 0 2 0.0
ELEM 177 31 430 372 0 2 0.0
ELEM 178 430 431 372 0 2 0.0
ELEM 179 430 336 431 0 2 0.0
ELEM 180 372 431 320 0 2 0.0
ELEM 181 336 432 431 0 2 0.0
ELEM 182 432 433 431 0 2 0.0
ELEM 183 432 243 433 0 2 0.0
ELEM 184 431 433 320 0 2 0.0
ELEM 185 336 434 432 0 2 0.0
ELEM 186 434 242 432 0 2 0.0
ELEM 187 434 241 242 0 2 0.0
ELEM 188 432 242 243 0 2 0.0
ELEM 189 320 433 368 0 2 0.0
ELEM 190 433 244 368 0 2 0.0
ELEM 191 433 243 244 0 2 0.0
ELEM 192 368 244 34 0 2 0.0
ELEM 193 1 421 436 0 2 0.0
ELEM 194 421 435 436 0 2 0.0
ELEM 195 421 334 435 0 2 0.0
ELEM 196 436 435 337 0 2 0.0
ELEM 197 334 437 435 0 2 0.0
ELEM 198 437 438 435 0 2 0.0
ELEM 199 437 110 438 0 2 0.0
ELEM 200 435 438 337 0 2 0.0
ELEM 201 334 424 437 0 2 0.0
ELEM 202 424 111 437 0 2 0.0
ELEM 203 424 13 111 0 2 0.0
ELEM 204 437 111 110 0 2 0.0
ELEM 205 337 438 439 0 2 0.0
ELEM 206 438 109 439 0 2 0.0
ELEM 207 438 110 109 0 2 0.0
ELEM 208 439 109 108 0 2 0.0
ELEM 209 1 436 49 0 2 0.0
ELEM 210 436 440 49 0 2 0.0
ELEM 211 436 337 440 0 2 0.0
ELEM 212 49 440 48 0 2 0.0
ELEM 213 337 441 440 0 2 0.0
ELEM 214 441 442 440 0 2 0.0
ELEM 215 441 338 442 0 2 0.0
ELEM 216 440 442 48 0 2 0.0
ELEM 217 337 439 441 0 2 0.0
ELEM 218 439 443 441 0 2 0.0
ELEM 219 439 108 443 0 2 0.0
ELEM 220 441 443 338 0 2 0.0
ELEM 221 48 442 47 0 2 0.0
ELEM 222 442 444 47 0 2 0.0
ELEM 223 442 338 444 0 2 0.0
ELEM 224 47 444 46 0 2 0.0
ELEM 225 63 64 446 0 2 0.0
ELEM 226 64 445 446 0 2 0.0
ELEM 227 64 65 445 0 2 0.0
ELEM 228 446 445 339 0 2 0.0
ELEM 229 65 447 445 0 2 0.0
ELEM 230 447 448 445 0 2 0.0
ELEM 231 447 323 448 0 2 0.0
ELEM 232 445 448 339 0 2 0.0
ELEM 233 65 66 447 0 2 0.0
ELEM 234 66 384 447 0 2 0.0
ELEM 235 66 11 384 0 2 0.0
ELEM 236 447 384 323 0 2 0.0
ELEM 237 339 448 449 0 2 0.0
ELEM 238 448 380 449 0 2 0.0
ELEM 239 448 323 380 0 2 0.0
ELEM 240 449 380 3 0 2 0.0
ELEM 241 63 446 451 0 2 0.0
ELEM 242 446 450 451 0 2 0.0
ELEM 243 446 339 450 0 2 0.0
ELEM 244 451 450 340 0 2 0.0
ELEM 245 339 452 450 0 2 0.0
ELEM 246 452 453 450 0 2 0.0
ELEM 247 452 51 453 0 2 0.0
ELEM 248 450 453 340 0 2 0.0
ELEM 249 339 449 452 0 2 0.0
ELEM 250 449 50 452 0 2 0.0
ELEM 251 449 3 50 0 2 0.0
ELEM 252 452 50 51 0 2 0.0
ELEM 253 340 453 454 0 2 0.0
ELEM 254 453 52 454 0 2 0.0
ELEM 255 453 51 52 0 2 0.0
ELEM 256 454 52 53 0 2 0.0
ELEM 257 4 57 56 0 2 0.0
ELEM 258 57 455 56 0 2 0.0
ELEM 259 57 58 455 0 2 0.0
ELEM 260 56 455 55 0 2 0.0
ELEM 261 58 456 455 0 2 0.0
ELEM 262 456 457 455 0 2 0.0
ELEM 263 456 341 457 0 2 0.0
ELEM 264 455 457 55 0 2 0.0
ELEM 265 58 59 456 0 2 0.0
ELEM 266 59 458 456 0 2 0.0
ELEM 267 59 5 458 0 2 0.0
ELEM 268 456 458 341 0 2 0.0
ELEM 269 55 457 54 0 2 0.0
ELEM 270 457 459 54 0 2 0.0
ELEM 271 457 341 459 0 2 0.0
ELEM 272 54 459 53 0 2 0.0
ELEM 273 53 459 454 0 2 0.0
ELEM 274 459 460 454 0 2 0.0
ELEM 275 459 341 460 0 2 0.0
ELEM 276 454 460 340 0 2 0.0
ELEM 277 341 461 460 0 2 0.0
ELEM 278 461 462 460 0 2 0.0
ELEM 279 461 61 462 0 2 0.0
ELEM 280 460 462 340 0 2 0.0
ELEM 281 341 458 461 0 2 0.0
ELEM 282 458 60 461 0 2 0.0
ELEM 283 458 5 60 0 2 0.0
ELEM 284 461 60 61 0 2 0.0
ELEM 285 340 462 451 0 2 0.0
ELEM 286 462 62 451 0 2 0.0
ELEM 287 462 61 62 0 2 0.0
ELEM 288 451 62 63 0 2 0.0
ELEM 289 11 463 385 0 2 0.0
ELEM 290 463 464 385 0 2 0.0
ELEM 291 463 342 464 0 2 0.0
ELEM 292 385 464 324 0 2 0.0
ELEM 293 342 465 464 0 2 0.0
ELEM 294 465 466 464 0 2 0.0
ELEM 295 465 331 466 0 2 0.0
ELEM 296 464 466 324 0 2 0.0
ELEM 297 342 467 465 0 2 0.0
ELEM 298 467 412 465 0 2 0.0
ELEM 299 467 315 412 0 2 0.0
ELEM 300 465 412 331 0 2 0.0
ELEM 301 324 466 386 0 2 0.0
ELEM 302 466 408 386 0 2 0.0
ELEM 303 466 331 408 0 2 0.0
ELEM 304 386 408 70 0 2 0.0
ELEM 305 122 407 359 0 2 0.0
ELEM 306 407 468 359 0 2 0.0
ELEM 307 407 330 468 0 2 0.0
ELEM 308 359 468 317 0 2 0.0
ELEM 309 330 469 468 0 2 0.0
ELEM 310 469 470 468 0 2 0.0
ELEM 311 469 342 470 0 2 0.0
ELEM 312 468 470 317 0 2 0.0
ELEM 313 330 406 469 0 2 0.0
ELEM 314 406 467 469 0 2 0.0
ELEM 315 406 315 467 0 2 0.0
ELEM 316 469 467 342 0 2 0.0
ELEM 317 317 470 363 0 2 0.0
ELEM 318 470 463 363 0 2 0.0
ELEM 319 470 342 463 0 2 0.0
ELEM 320 363 463 11 0 2 0.0
ELEM 321 15 426 133 0 2 0.0
ELEM 322 426 471 133 0 2 0.0
ELEM 323 426 335 471 0 2 0.0
ELEM 324 133 471 134 0 2 0.0
ELEM 325 335 472 471 0 2 0.0
ELEM 326 472 473 471 0 2 0.0
ELEM 327 472 343 473 0 2 0.0
ELEM 328 471 473 134 0 2 0.0
ELEM 329 335 429 472 0 2 0.0
ELEM 330 429 474 472 0 2 0.0
ELEM 331 429 150 474 0 2 0.0
ELEM 332 472 474 343 0 2 0.0
ELEM 333 134 473 135 0 2 0.0
ELEM 334 473 475 135 0 2 0.0
ELEM 335 473 343 475 0 2 0.0
ELEM 336 135 475 136 0 2 0.0
ELEM 337 136 476 137 0 2 0.0
ELEM 338 476 477 137 0 2 0.0
ELEM 339 476 344 477 0 2 0.0
ELEM 340 137 477 138 0 2 0.0
ELEM 341 344 478 477 0 2 0.0
ELEM 342 478 479 477 0 2 0.0
ELEM 343 478 155 479 0 2 0.0
ELEM 344 477 479 138 0 2 0.0
ELEM 345 344 480 478 0 2 0.0
ELEM 346 480 156 478 0 2 0.0
ELEM 347 480 157 156 0 2 0.0
ELEM 348 478 156 155 0 2 0.0
ELEM 349 138 479 139 0 2 0.0
ELEM 350 479 154 139 0 2 0.0
ELEM 351 479 155 154 0 2 0.0
ELEM 352 139 154 17 0 2 0.0
ELEM 353 150 149 474 0 2 0.0
ELEM 354 149 481 474 0 2 0.0
ELEM 355 149 148 481 0 2 0.0
ELEM 356 474 481 343 0 2 0.0
ELEM 357 148 482 481 0 2 0.0
ELEM 358 482 483 481 0 2 0.0
ELEM 359 482 345 483 0 2 0.0
ELEM 360 481 483 343 0 2 0.0
ELEM 361 148 147 482 0 2 0.0
ELEM 362 147 484 482 0 2 0.0
ELEM 363 147 19 484 0 2 0.0
ELEM 364 482 484 345 0 2 0.0
ELEM 365 343 483 475 0 2 0.0
ELEM 366 483 485 475 0 2 0.0
ELEM 367 483 345 485 0 2 0.0
ELEM 368 475 485 136 0 2 0.0
ELEM 369 136 485 476 0 2 0.0
ELEM 370 485 486 476 0 2 0.0
ELEM 371 485 345 486 0 2 0.0
ELEM 372 476 486 344 0 2 0.0
ELEM 373 345 487 486 0 2 0.0
ELEM 374 487 488 486 0 2 0.0
ELEM 375 487 159 488 0 2 0.0
ELEM 376 486 488 344 0 2 0.0
ELEM 377 345 484 487 0 2 0.0
ELEM 378 484 160 487 0 2 0.0
ELEM 379 484 19 160 0 2 0.0
ELEM 380 487 160 159 0 2 0.0
ELEM 381 344 488 480 0 2 0.0
ELEM 382 488 158 480 0 2 0.0
ELEM 383 488 159 158 0 2 0.0
ELEM 384 480 158 157 0 2 0.0
ELEM 385 108 107 490 0 2 0.0
ELEM 386 107 489 490 0 2 0.0
ELEM 387 107 106 489 0 2 0.0
ELEM 388 490 489 347 0 2 0.0
ELEM 389 106 491 489 0 2 0.0
ELEM 390 491 492 489 0 2 0.0
ELEM 391 491 346 492 0 2 0.0
ELEM 392 489 492 347 0 2 0.0
ELEM 393 106 105 491 0 2 0.0
ELEM 394 105 493 491 0 2 0.0
ELEM 395 105 23 493 0 2 0.0
ELEM 396 491 493 346 0 2 0.0
ELEM 397 347 492 495 0 2 0.0
ELEM 398 492 494 495 0 2 0.0
ELEM 399 492 346 494 0 2 0.0
ELEM 400 495 494 21 0 2 0.0
ELEM 401 21 494 231 0 2 0.0
ELEM 402 494 496 231 0 2 0.0
ELEM 403 494 346 496 0 2 0.0
ELEM 404 231 496 232 0 2 0.0
ELEM 405 346 497 496 0 2 0.0
ELEM 406 497 498 496 0 2 0.0
ELEM 407 497 348 498 0 2 0.0
ELEM 408 496 498 232 0 2 0.0
ELEM 409 346 493 497 0 2 0.0
ELEM 410 493 499 497 0 2 0.0
ELEM 411 493 23 499 0 2 0.0
ELEM 412 497 499 348 0 2 0.0
ELEM 413 232 498 233 0 2 0.0
ELEM 414 498 500 233 0 2 0.0
ELEM 415 498 348 500 0 2 0.0
ELEM 416 233 500 234 0 2 0.0
ELEM 417 46 444 45 0 2 0.0
ELEM 418 444 501 45 0 2 0.0
ELEM 419 444 338 501 0 2 0.0
ELEM 420 45 501 44 0 2 0.0
ELEM 421 338 502 501 0 2 0.0
ELEM 422 502 503 501 0 2 0.0
ELEM 423 502 347 503 0 2 0.0
ELEM 424 501 503 44 0 2 0.0
ELEM 425 338 443 502 0 2 0.0
ELEM 426 443 490 502 0 2 0.0
ELEM 427 443 108 490 0 2 0.0
ELEM 428 502 490 347 0 2 0.0
ELEM 429 44 503 43 0 2 0.0
ELEM 430 503 495 43 0 2 0.0
ELEM 431 503 347 495 0 2 0.0
ELEM 432 43 495 21 0 2 0.0
ELEM 433 23 217 499 0 2 0.0
ELEM 434 217 504 499 0 2 0.0
ELEM 435 217 218 504 0 2 0.0
ELEM 436 499 504 348 0 2 0.0
ELEM 437 218 505 504 0 2 0.0
ELEM 438 505 506 504 0 2 0.0
ELEM 439 505 349 506 0 2 0.0
ELEM 440 504 506 348 0 2 0.0
ELEM 441 218 219 505 0 2 0.0
ELEM 442 219 507 505 0 2 0.0
ELEM 443 219 220 507 0 2 0.0
ELEM 444 505 507 349 0 2 0.0
ELEM 445 348 506 500 0 2 0.0
ELEM 446 506 508 500 0 2 0.0
ELEM 447 506 349 508 0 2 0.0
ELEM 448 500 508 234 0 2 0.0
ELEM 449 27 182 216 0 2 0.0
ELEM 450 182 509 216 0 2 0.0
ELEM 451 182 183 509 0 2 0.0
ELEM 452 216 509 215 0 2 0.0
ELEM 453 183 510 509 0 2 0.0
ELEM 454 510 511 509 0 2 0.0
ELEM 455 510 350 511 0 2 0.0
ELEM 456 509 511 215 0 2 0.0
ELEM 457 183 184 510 0 2 0.0
ELEM 458 184 512 510 0 2 0.0
ELEM 459 184 185 512 0 2 0.0
ELEM 460 510 512 350 0 2 0.0
ELEM 461 215 511 214 0 2 0.0
ELEM 462 511 513 214 0 2 0.0
ELEM 463 511 350 513 0 2 0.0
ELEM 464 214 513 213 0 2 0.0
ELEM 465 213 513 515 0 2 0.0
ELEM 466 513 514 515 0 2 0.0
ELEM 467 513 350 514 0 2 0.0
ELEM 468 515 514 351 0 2 0.0
ELEM 469 350 516 514 0 2 0.0
ELEM 470 516 517 514 0 2 0.0
ELEM 471 516 187 517 0 2 0.0
ELEM 472 514 517 351 0 2 0.0
ELEM 473 350 512 516 0 2 0.0
ELEM 474 512 186 516 0 2 0.0
ELEM 475 512 185 186 0 2 0.0
ELEM 476 516 186 187 0 2 0.0
ELEM 477 351 517 518 0 2 0.0
ELEM 478 517 188 518 0 2 0.0
ELEM 479 517 187 188 0 2 0.0
ELEM 480 518 188 28 0 2 0.0
ELEM 481 28 238 518 0 2 0.0
ELEM 482 238 519 518 0 2 0.0
ELEM 483 238 239 519 0 2 0.0
ELEM 484 518 519 351 0 2 0.0
ELEM 485 239 520 519 0 2 0.0
ELEM 486 520 521 519 0 2 0.0
ELEM 487 520 352 521 0 2 0.0
ELEM 488 519 521 351 0 2 0.0
ELEM 489 239 240 520 0 2 0.0
ELEM 490 240 522 520 0 2 0.0
ELEM 491 240 241 522 0 2 0.0
ELEM 492 520 522 352 0 2 0.0
ELEM 493 351 521 515 0 2 0.0
ELEM 494 521 523 515 0 2 0.0
ELEM 495 521 352 523 0 2 0.0
ELEM 496 515 523 213 0 2 0.0
ELEM 497 213 523 212 0 2 0.0
ELEM 498 523 524 212 0 2 0.0
ELEM 499 523 352 524 0 2 0.0
ELEM 500 212 524 211 0 2 0.0
ELEM 501 352 525 524 0 2 0.0
ELEM 502 525 526 524 0 2 0.0
ELEM 503 525 336 526 0 2 0.0
ELEM 504 524 526 211 0 2 0.0
ELEM 505 352 522 525 0 2 0.0
ELEM 506 522 434 525 0 2 0.0
ELEM 507 522 241 434 0 2 0.0
ELEM 508 525 434 336 0 2 0.0
ELEM 509 211 526 210 0 2 0.0
ELEM 510 526 430 210 0 2 0.0
ELEM 511 526 336 430 0 2 0.0
ELEM 512 210 430 31 0 2 0.0
ELEM 513 234 527 235 0 2 0.0
ELEM 514 527 528 235 0 2 0.0
ELEM 515 527 353 528 0 2 0.0
ELEM 516 235 528 236 0 2 0.0
ELEM 517 353 529 528 0 2 0.0
ELEM 518 529 530 528 0 2 0.0
ELEM 519 529 333 530 0 2 0.0
ELEM 520 528 530 236 0 2 0.0
ELEM 521 353 531 529 0 2 0.0
ELEM 522 531 416 529 0 2 0.0
ELEM 523 531 32 416 0 2 0.0
ELEM 524 529 416 333 0 2 0.0
ELEM 525 236 530 237 0 2 0.0
ELEM 526 530 419 237 0 2 0.0
ELEM 527 530 333 419 0 2 0.0
ELEM 528 237 419 33 0 2 0.0
ELEM 529 234 508 527 0 2 0.0
ELEM 530 508 532 527 0 2 0.0
ELEM 531 508 349 532 0 2 0.0
ELEM 532 527 532 353 0 2 0.0
ELEM 533 349 533 532 0 2 0.0
ELEM 534 533 534 532 0 2 0.0
ELEM 535 533 222 534 0 2 0.0
ELEM 536 532 534 353 0 2 0.0
ELEM 537 349 507 533 0 2 0.0
ELEM 538 507 221 533 0 2 0.0
ELEM 539 507 220 221 0 2 0.0
ELEM 540 533 221 222 0 2 0.0
ELEM 541 353 534 531 0 2 0.0
ELEM 542 534 223 531 0 2 0.0
ELEM 543 534 222 223 0 2 0.0
ELEM 544 531 223 32 0 2 0.0
ELEM 545 290 535 291 0 2 0.0
ELEM 546 535 536 291 0 2 0.0
ELEM 547 535 354 536 0 2 0.0
ELEM 548 291 536 292 0 2 0.0
ELEM 549 354 537 536 0 2 0.0
ELEM 550 537 538 536 0 2 0.0
ELEM 551 537 321 538 0 2 0.0
ELEM 552 536 538 292 0 2 0.0
ELEM 553 354 539 537 0 2 0.0
ELEM 554 539 378 537 0 2 0.0
ELEM 555 539 37 378 0 2 0.0
ELEM 556 537 378 321 0 2 0.0
ELEM 557 292 538 293 0 2 0.0
ELEM 558 538 373 293 0 2 0.0
ELEM 559 538 321 373 0 2 0.0
ELEM 560 293 373 34 0 2 0.0
ELEM 561 34 540 366 0 2 0.0
ELEM 562 540 541 366 0 2 0.0
ELEM 563 540 355 541 0 2 0.0
ELEM 564 366 541 319 0 2 0.0
ELEM 565 355 542 541 0 2 0.0
ELEM 566 542 543 541 0 2 0.0
ELEM 567 542 325 543 0 2 0.0
ELEM 568 541 543 319 0 2 0.0
ELEM 569 355 544 542 0 2 0.0
ELEM 570 544 391 542 0 2 0.0
ELEM 571 544 316 391 0 2 0.0
ELEM 572 542 391 325 0 2 0.0
ELEM 573 319 543 371 0 2 0.0
ELEM 574 543 387 371 0 2 0.0
ELEM 575 543 325 387 0 2 0.0
ELEM 576 371 387 227 0 2 0.0
ELEM 577 262 400 379 0 2 0.0
ELEM 578 400 545 379 0 2 0.0
ELEM 579 400 328 545 0 2 0.0
ELEM 580 379 545 322 0 2 0.0
ELEM 581 328 546 545 0 2 0.0
ELEM 582 546 547 545 0 2 0.0
ELEM 583 546 355 547 0 2 0.0
ELEM 584 545 547 322 0 2 0.0
ELEM 585 328 399 546 0 2 0.0
ELEM 586 399 544 546 0 2 0.0
ELEM 587 399 316 544 0 2 0.0
ELEM 588 546 544 355 0 2 0.0
ELEM 589 322 547 375 0 2 0.0
ELEM 590 547 540 375 0 2 0.0
ELEM 591 547 355 540 0 2 0.0
ELEM 592 375 540 34 0 2 0.0
ELEM 593 276 275 549 0 2 0.0
ELEM 594 275 548 549 0 2 0.0
ELEM 595 275 274 548 0 2 0.0
ELEM 596 549 548 356 0 2 0.0
ELEM 597 274 550 548 0 2 0.0
ELEM 598 550 551 548 0 2 0.0
ELEM 599 550 354 551 0 2 0.0
ELEM 600 548 551 356 0 2 0.0
ELEM 601 274 273 550 0 2 0.0
ELEM 602 273 539 550 0 2 0.0
ELEM 603 273 37 539 0 2 0.0
ELEM 604 550 539 354 0 2 0.0
ELEM 605 356 551 552 0 2 0.0
ELEM 606 551 535 552 0 2 0.0
ELEM 607 551 354 535 0 2 0.0
ELEM 608 552 535 290 0 2 0.0
ELEM 609 276 553 277 0 2 0.0
ELEM 610 553 554 277 0 2 0.0
ELEM 611 553 357 554 0 2 0.0
ELEM 612 277 554 278 0 2 0.0
ELEM 613 357 555 554 0 2 0.0
ELEM 614 555 556 554 0 2 0.0
ELEM 615 555 295 556 0 2 0.0
ELEM 616 554 556 278 0 2 0.0
ELEM 617 357 557 555 0 2 0.0
ELEM 618 557 296 555 0 2 0.0
ELEM 619 557 297 296 0 2 0.0
ELEM 620 555 296 295 0 2 0.0
ELEM 621 278 556 279 0 2 0.0
ELEM 622 556 294 279 0 2 0.0
ELEM 623 556 295 294 0 2 0.0
ELEM 624 279 294 39 0 2 0.0
ELEM 625 290 289 552 0 2 0.0
ELEM 626 289 558 552 0 2 0.0
ELEM 627 289 288 558 0 2 0.0
ELEM 628 552 558 356 0 2 0.0
ELEM 629 288 559 558 0 2 0.0
ELEM 630 559 560 558 0 2 0.0
ELEM 631 559 358 560 0 2 0.0
ELEM 632 558 560 356 0 2 0.0
ELEM 633 288 287 559 0 2 0.0
ELEM 634 287 561 559 0 2 0.0
ELEM 635 287 41 561 0 2 0.0
ELEM 636 559 561 358 0 2 0.0
ELEM 637 356 560 549 0 2 0.0
ELEM 638 560 562 549 0 2 0.0
ELEM 639 560 358 562 0 2 0.0
ELEM 640 549 562 276 0 2 0.0
ELEM 641 41 300 561 0 2 0.0
ELEM 642 300 563 561 0 2 0.0
ELEM 643 300 299 563 0 2 0.0
ELEM 644 561 563 358 0 2 0.0
ELEM 645 299 564 563 0 2 0.0
ELEM 646 564 565 563 0 2 0.0
ELEM 647 564 357 565 0 2 0.0
ELEM 648 563 565 358 0 2 0.0
ELEM 649 299 298 564 0 2 0.0
ELEM 650 298 557 564 0 2 0.0
ELEM 651 298 297 557 0 2 0.0
ELEM 652 564 557 357 0 2 0.0
ELEM 653 358 565 562 0 2 0.0
ELEM 654 565 553 562 0 2 0.0
ELEM 655 565 357 553 0 2 0.0
ELEM 656 562 553 276 0 2 0.0
ELEM 657 27 644 646 0 1 0.0
ELEM 658 644 645 646 0 1 0.0
ELEM 659 644 566 645 0 1 0.0
ELEM 660 646 645 567 0 1 0.0
ELEM 661 566 647 645 0 1 0.0
ELEM 662 647 648 645 0 1 0.0
ELEM 663 647 176 648 0 1 0.0
ELEM 664 645 648 567 0 1 0.0
ELEM 665 566 649 647 0 1 0.0
ELEM 666 649 175 647 0 1 0.0
ELEM 667 649 25 175 0 1 0.0
ELEM 668 647 175 176 0 1 0.0
ELEM 669 567 648 650 0 1 0.0
ELEM 670 648 177 650 0 1 0.0
ELEM 671 648 176 177 0 1 0.0
ELEM 672 650 177 178 0 1 0.0
ELEM 673 40 651 308 0 1 0.0
ELEM 674 651 652 308 0 1 0.0
ELEM 675 651 568 652 0 1 0.0
ELEM 676 308 652 309 0 1 0.0
ELEM 677 568 653 652 0 1 0.0
ELEM 678 653 654 652 0 1 0.0
ELEM 679 653 569 654 0 1 0.0
ELEM 680 652 654 309 0 1 0.0
ELEM 681 568 655 653 0 1 0.0
ELEM 682 655 656 653 0 1 0.0
ELEM 683 655 39 656 0 1 0.0
ELEM 684 653 656 569 0 1 0.0
ELEM 685 309 654 310 0 1 0.0
ELEM 686 654 657 310 0 1 0.0
ELEM 687 654 569 657 0 1 0.0
ELEM 688 310 657 311 0 1 0.0
ELEM 689 17 658 660 0 1 0.0
ELEM 690 658 659 660 0 1 0.0
ELEM 691 658 570 659 0 1 0.0
ELEM 692 660 659 571 0 1 0.0
ELEM 693 570 661 659 0 1 0.0
ELEM 694 661 662 659 0 1 0.0
ELEM 695 661 169 662 0 1 0.0
ELEM 696 659 662 571 0 1 0.0
ELEM 697 570 663 661 0 1 0.0
ELEM 698 663 170 661 0 1 0.0
ELEM 699 663 171 170 0 1 0.0
ELEM 700 661 170 169 0 1 0.0
ELEM 701 571 662 664 0 1 0.0
ELEM 702 662 168 664 0 1 0.0
ELEM 703 662 169 168 0 1 0.0
ELEM 704 664 168 18 0 1 0.0
ELEM 705 27 646 182 0 1 0.0
ELEM 706 646 665 182 0 1 0.0
ELEM 707 646 567 665 0 1 0.0
ELEM 708 182 665 183 0 1 0.0
ELEM 709 567 666 665 0 1 0.0
ELEM 710 666 667 665 0 1 0.0
ELEM 711 666 572 667 0 1 0.0
ELEM 712 665 667 183 0 1 0.0
ELEM 713 567 650 666 0 1 0.0
ELEM 714 650 668 666 0 1 0.0
ELEM 715 650 178 668 0 1 0.0
ELEM 716 666 668 572 0 1 0.0
ELEM 717 183 667 184 0 1 0.0
ELEM 718 667 669 184 0 1 0.0
ELEM 719 667 572 669 0 1 0.0
ELEM 720 184 669 185 0 1 0.0
ELEM 721 157 670 156 0 1 0.0
ELEM 722 670 671 156 0 1 0.0
ELEM 723 670 573 671 0 1 0.0
ELEM 724 156 671 155 0 1 0.0
ELEM 725 573 672 671 0 1 0.0
ELEM 726 672 673 671 0 1 0.0
ELEM 727 672 570 673 0 1 0.0
ELEM 728 671 673 155 0 1 0.0
ELEM 729 573 674 672 0 1 0.0
ELEM 730 674 663 672 0 1 0.0
ELEM 731 674 171 663 0 1 0.0
ELEM 732 672 663 570 0 1 0.0
ELEM 733 155 673 154 0 1 0.0
ELEM 734 673 658 154 0 1 0.0
ELEM 735 673 570 658 0 1 0.0
ELEM 736 154 658 17 0 1 0.0
ELEM 737 311 657 676 0 1 0.0
ELEM 738 657 675 676 0 1 0.0
ELEM 739 657 569 675 0 1 0.0
ELEM 740 676 675 574 0 1 0.0
ELEM 741 569 677 675 0 1 0.0
ELEM 742 677 678 675 0 1 0.0
ELEM 743 677 295 678 0 1 0.0
ELEM 744 675 678 574 0 1 0.0
ELEM 745 569 656 677 0 1 0.0
ELEM 746 656 294 677 0 1 0.0
ELEM 747 656 39 294 0 1 0.0
ELEM 748 677 294 295 0 1 0.0
ELEM 749 574 678 679 0 1 0.0
ELEM 750 678 296 679 0 1 0.0
ELEM 751 678 295 296 0 1 0.0
ELEM 752 679 296 297 0 1 0.0
ELEM 753 269 680 682 0 1 0.0
ELEM 754 680 681 682 0 1 0.0
ELEM 755 680 575 681 0 1 0.0
ELEM 756 682 681 576 0 1 0.0
ELEM 757 575 683 681 0 1 0.0
ELEM 758 683 684 681 0 1 0.0
ELEM 759 683 260 684 0 1 0.0
ELEM 760 681 684 576 0 1 0.0
ELEM 761 575 685 683 0 1 0.0
ELEM 762 685 259 683 0 1 0.0
ELEM 763 685 33 259 0 1 0.0
ELEM 764 683 259 260 0 1 0.0
ELEM 765 576 684 686 0 1 0.0
ELEM 766 684 261 686 0 1 0.0
ELEM 767 684 260 261 0 1 0.0
ELEM 768 686 261 262 0 1 0.0
ELEM 769 32 687 224 0 1 0.0
ELEM 770 687 688 224 0 1 0.0
ELEM 771 687 577 688 0 1 0.0
ELEM 772 224 688 225 0 1 0.0
ELEM 773 577 689 688 0 1 0.0
ELEM 774 689 690 688 0 1 0.0
ELEM 775 689 578 690 0 1 0.0
ELEM 776 688 690 225 0 1 0.0
ELEM 777 577 691 689 0 1 0.0
ELEM 778 691 692 689 0 1 0.0
ELEM 779 691 206 692 0 1 0.0
ELEM 780 689 692 578 0 1 0.0
ELEM 781 225 690 226 0 1 0.0
ELEM 782 690 693 226 0 1 0.0
ELEM 783 690 578 693 0 1 0.0
ELEM 784 226 693 227 0 1 0.0
ELEM 785 101 694 696 0 1 0.0
ELEM 786 694 695 696 0 1 0.0
ELEM 787 694 579 695 0 1 0.0
ELEM 788 696 695 580 0 1 0.0
ELEM 789 579 697 695 0 1 0.0
ELEM 790 697 698 695 0 1 0.0
ELEM 791 697 68 698 0 1 0.0
ELEM 792 695 698 580 0 1 0.0
ELEM 793 579 699 697 0 1 0.0
ELEM 794 699 69 697 0 1 0.0
ELEM 795 699 70 69 0 1 0.0
ELEM 796 697 69 68 0 1 0.0
ELEM 797 580 698 700 0 1 0.0
ELEM 798 698 67 700 0 1 0.0
ELEM 799 698 68 67 0 1 0.0
ELEM 800 700 67 1 0 1 0.0
ELEM 801 122 701 121 0 1 0.0
ELEM 802 701 702 121 0 1 0.0
ELEM 803 701 581 702 0 1 0.0
ELEM 804 121 702 120 0 1 0.0
ELEM 805 581 703 702 0 1 0.0
ELEM 806 703 704 702 0 1 0.0
ELEM 807 703 582 704 0 1 0.0
ELEM 808 702 704 120 0 1 0.0
ELEM 809 581 705 703 0 1 0.0
ELEM 810 705 706 703 0 1 0.0
ELEM 811 705 129 706 0 1 0.0
ELEM 812 703 706 582 0 1 0.0
ELEM 813 120 704 119 0 1 0.0
ELEM 814 704 707 119 0 1 0.0
ELEM 815 704 582 707 0 1 0.0
ELEM 816 119 707 13 0 1 0.0
ELEM 817 15 708 125 0 1 0.0
ELEM 818 708 709 125 0 1 0.0
ELEM 819 708 583 709 0 1 0.0
ELEM 820 125 709 124 0 1 0.0
ELEM 821 583 710 709 0 1 0.0
ELEM 822 710 711 709 0 1 0.0
ELEM 823 710 581 711 0 1 0.0
ELEM 824 709 711 124 0 1 0.0
ELEM 825 583 712 710 0 1 0.0
ELEM 826 712 705 710 0 1 0.0
ELEM 827 712 129 705 0 1 0.0
ELEM 828 710 705 581 0 1 0.0
ELEM 829 124 711 123 0 1 0.0
ELEM 830 711 701 123 0 1 0.0
ELEM 831 711 581 701 0 1 0.0
ELEM 832 123 701 122 0 1 0.0
ELEM 833 227 693 228 0 1 0.0
ELEM 834 693 713 228 0 1 0.0
ELEM 835 693 578 713 0 1 0.0
ELEM 836 228 713 229 0 1 0.0
ELEM 837 578 714 713 0 1 0.0
ELEM 838 714 715 713 0 1 0.0
ELEM 839 714 584 715 0 1 0.0
ELEM 840 713 715 229 0 1 0.0
ELEM 841 578 692 714 0 1 0.0
ELEM 842 692 716 714 0 1 0.0
ELEM 843 692 206 716 0 1 0.0
ELEM 844 714 716 584 0 1 0.0
ELEM 845 229 715 230 0 1 0.0
ELEM 846 715 717 230 0 1 0.0
ELEM 847 715 584 717 0 1 0.0
ELEM 848 230 717 31 0 1 0.0
ELEM 849 262 263 686 0 1 0.0
ELEM 850 263 718 686 0 1 0.0
ELEM 851 263 264 718 0 1 0.0
ELEM 852 686 718 576 0 1 0.0
ELEM 853 264 719 718 0 1 0.0
ELEM 854 719 720 718 0 1 0.0
ELEM 855 719 585 720 0 1 0.0
ELEM 856 718 720 576 0 1 0.0
ELEM 857 264 265 719 0 1 0.0
ELEM 858 265 721 719 0 1 0.0
ELEM 859 265 37 721 0 1 0.0
ELEM 860 719 721 585 0 1 0.0
ELEM 861 576 720 682 0 1 0.0
ELEM 862 720 722 682 0 1 0.0
ELEM 863 720 585 722 0 1 0.0
ELEM 864 682 722 269 0 1 0.0
ELEM 865 3 73 724 0 1 0.0
ELEM 866 73 723 724 0 1 0.0
ELEM 867 73 72 723 0 1 0.0
ELEM 868 724 723 586 0 1 0.0
ELEM 869 72 725 723 0 1 0.0
ELEM 870 725 726 723 0 1 0.0
ELEM 871 725 579 726 0 1 0.0
ELEM 872 723 726 586 0 1 0.0
ELEM 873 72 71 725 0 1 0.0
ELEM 874 71 699 725 0 1 0.0
ELEM 875 71 70 699 0 1 0.0
ELEM 876 725 699 579 0 1 0.0
ELEM 877 586 726 727 0 1 0.0
ELEM 878 726 694 727 0 1 0.0
ELEM 879 726 579 694 0 1 0.0
ELEM 880 727 694 101 0 1 0.0
ELEM 881 157 158 670 0 1 0.0
ELEM 882 158 728 670 0 1 0.0
ELEM 883 158 159 728 0 1 0.0
ELEM 884 670 728 573 0 1 0.0
ELEM 885 159 729 728 0 1 0.0
ELEM 886 729 730 728 0 1 0.0
ELEM 887 729 587 730 0 1 0.0
ELEM 888 728 730 573 0 1 0.0
ELEM 889 159 160 729 0 1 0.0
ELEM 890 160 731 729 0 1 0.0
ELEM 891 160 19 731 0 1 0.0
ELEM 892 729 731 587 0 1 0.0
ELEM 893 573 730 674 0 1 0.0
ELEM 894 730 732 674 0 1 0.0
ELEM 895 730 587 732 0 1 0.0
ELEM 896 674 732 171 0 1 0.0
ELEM 897 185 669 186 0 1 0.0
ELEM 898 669 733 186 0 1 0.0
ELEM 899 669 572 733 0 1 0.0
ELEM 900 186 733 187 0 1 0.0
ELEM 901 572 734 733 0 1 0.0
ELEM 902 734 735 733 0 1 0.0
ELEM 903 734 588 735 0 1 0.0
ELEM 904 733 735 187 0 1 0.0
ELEM 905 572 668 734 0 1 0.0
ELEM 906 668 736 734 0 1 0.0
ELEM 907 668 178 736 0 1 0.0
ELEM 908 734 736 588 0 1 0.0
ELEM 909 187 735 188 0 1 0.0
ELEM 910 735 737 188 0 1 0.0
ELEM 911 735 588 737 0 1 0.0
ELEM 912 188 737 28 0 1 0.0
ELEM 913 297 298 679 0 1 0.0
ELEM 914 298 738 679 0 1 0.0
ELEM 915 298 299 738 0 1 0.0
ELEM 916 679 738 574 0 1 0.0
ELEM 917 299 739 738 0 1 0.0
ELEM 918 739 740 738 0 1 0.0
ELEM 919 739 589 740 0 1 0.0
ELEM 920 738 740 574 0 1 0.0
ELEM 921 299 300 739 0 1 0.0
ELEM 922 300 741 739 0 1 0.0
ELEM 923 300 41 741 0 1 0.0
ELEM 924 739 741 589 0 1 0.0
ELEM 925 574 740 676 0 1 0.0
ELEM 926 740 742 676 0 1 0.0
ELEM 927 740 589 742 0 1 0.0
ELEM 928 676 742 311 0 1 0.0
ELEM 929 171 732 172 0 1 0.0
ELEM 930 732 743 172 0 1 0.0
ELEM 931 732 587 743 0 1 0.0
ELEM 932 172 743 173 0 1 0.0
ELEM 933 587 744 743 0 1 0.0
ELEM 934 744 745 743 0 1 0.0
ELEM 935 744 590 745 0 1 0.0
ELEM 936 743 745 173 0 1 0.0
ELEM 937 587 731 744 0 1 0.0
ELEM 938 731 746 744 0 1 0.0
ELEM 939 731 19 746 0 1 0.0
ELEM 940 744 746 590 0 1 0.0
ELEM 941 173 745 174 0 1 0.0
ELEM 942 745 747 174 0 1 0.0
ELEM 943 745 590 747 0 1 0.0
ELEM 944 174 747 20 0 1 0.0
ELEM 945 311 742 312 0 1 0.0
ELEM 946 742 748 312 0 1 0.0
ELEM 947 742 589 748 0 1 0.0
ELEM 948 312 748 313 0 1 0.0
ELEM 949 589 749 748 0 1 0.0
ELEM 950 749 750 748 0 1 0.0
ELEM 951 749 591 750 0 1 0.0
ELEM 952 748 750 313 0 1 0.0
ELEM 953 589 741 749 0 1 0.0
ELEM 954 741 751 749 0 1 0.0
ELEM 955 741 41 751 0 1 0.0
ELEM 956 749 751 591 0 1 0.0
ELEM 957 313 750 314 0 1 0.0
ELEM 958 750 752 314 0 1 0.0
ELEM 959 750 591 752 0 1 0.0
ELEM 960 314 752 42 0 1 0.0
ELEM 961 178 179 736 0 1 0.0
ELEM 962 179 753 736 0 1 0.0
ELEM 963 179 180 753 0 1 0.0
ELEM 964 736 753 588 0 1 0.0
ELEM 965 180 754 753 0 1 0.0
ELEM 966 754 755 753 0 1 0.0
ELEM 967 754 592 755 0 1 0.0
ELEM 968 753 755 588 0 1 0.0
ELEM 969 180 181 754 0 1 0.0
ELEM 970 181 756 754 0 1 0.0
ELEM 971 181 26 756 0 1 0.0
ELEM 972 754 756 592 0 1 0.0
ELEM 973 588 755 737 0 1 0.0
ELEM 974 755 757 737 0 1 0.0
ELEM 975 755 592 757 0 1 0.0
ELEM 976 737 757 28 0 1 0.0
ELEM 977 6 98 759 0 1 0.0
ELEM 978 98 758 759 0 1 0.0
ELEM 979 98 99 758 0 1 0.0
ELEM 980 759 758 593 0 1 0.0
ELEM 981 99 760 758 0 1 0.0
ELEM 982 760 761 758 0 1 0.0
ELEM 983 760 580 761 0 1 0.0
ELEM 984 758 761 593 0 1 0.0
ELEM 985 99 100 760 0 1 0.0
ELEM 986 100 696 760 0 1 0.0
ELEM 987 100 101 696 0 1 0.0
ELEM 988 760 696 580 0 1 0.0
ELEM 989 593 761 762 0 1 0.0
ELEM 990 761 700 762 0 1 0.0
ELEM 991 761 580 700 0 1 0.0
ELEM 992 762 700 1 0 1 0.0
ELEM 993 35 763 266 0 1 0.0
ELEM 994 763 764 266 0 1 0.0
ELEM 995 763 594 764 0 1 0.0
ELEM 996 266 764 267 0 1 0.0
ELEM 997 594 765 764 0 1 0.0
ELEM 998 765 766 764 0 1 0.0
ELEM 999 765 575 766 0 1 0.0
ELEM 1000 764 766 267 0 1 0.0
ELEM 1001 594 767 765 0 1 0.0
ELEM 1002 767 685 765 0 1 0.0
ELEM 1003 767 33 685 0 1 0.0
ELEM 1004 765 685 575 0 1 0.0
ELEM 1005 267 766 268 0 1 0.0
ELEM 1006 766 680 268 0 1 0.0
ELEM 1007 766 575 680 0 1 0.0
ELEM 1008 268 680 269 0 1 0.0
ELEM 1009 13 707 769 0 1 0.0
ELEM 1010 707 768 769 0 1 0.0
ELEM 1011 707 582 768 0 1 0.0
ELEM 1012 769 768 595 0 1 0.0
ELEM 1013 582 770 768 0 1 0.0
ELEM 1014 770 771 768 0 1 0.0
ELEM 1015 770 127 771 0 1 0.0
ELEM 1016 768 771 595 0 1 0.0
ELEM 1017 582 706 770 0 1 0.0
ELEM 1018 706 128 770 0 1 0.0
ELEM 1019 706 129 128 0 1 0.0
ELEM 1020 770 128 127 0 1 0.0
ELEM 1021 595 771 772 0 1 0.0
ELEM 1022 771 126 772 0 1 0.0
ELEM 1023 771 127 126 0 1 0.0
ELEM 1024 772 126 14 0 1 0.0
ELEM 1025 32 773 687 0 1 0.0
ELEM 1026 773 774 687 0 1 0.0
ELEM 1027 773 596 774 0 1 0.0
ELEM 1028 687 774 577 0 1 0.0
ELEM 1029 596 775 774 0 1 0.0
ELEM 1030 775 776 774 0 1 0.0
ELEM 1031 775 204 776 0 1 0.0
ELEM 1032 774 776 577 0 1 0.0
ELEM 1033 596 777 775 0 1 0.0
ELEM 1034 777 203 775 0 1 0.0
ELEM 1035 777 30 203 0 1 0.0
ELEM 1036 775 203 204 0 1 0.0
ELEM 1037 577 776 691 0 1 0.0
ELEM 1038 776 205 691 0 1 0.0
ELEM 1039 776 204 205 0 1 0.0
ELEM 1040 691 205 206 0 1 0.0
ELEM 1041 16 132 779 0 1 0.0
ELEM 1042 132 778 779 0 1 0.0
ELEM 1043 132 131 778 0 1 0.0
ELEM 1044 779 778 597 0 1 0.0
ELEM 1045 131 780 778 0 1 0.0
ELEM 1046 780 781 778 0 1 0.0
ELEM 1047 780 583 781 0 1 0.0
ELEM 1048 778 781 597 0 1 0.0
ELEM 1049 131 130 780 0 1 0.0
ELEM 1050 130 712 780 0 1 0.0
ELEM 1051 130 129 712 0 1 0.0
ELEM 1052 780 712 583 0 1 0.0
ELEM 1053 597 781 782 0 1 0.0
ELEM 1054 781 708 782 0 1 0.0
ELEM 1055 781 583 708 0 1 0.0
ELEM 1056 782 708 15 0 1 0.0
ELEM 1057 269 722 270 0 1 0.0
ELEM 1058 722 783 270 0 1 0.0
ELEM 1059 722 585 783 0 1 0.0
ELEM 1060 270 783 271 0 1 0.0
ELEM 1061 585 784 783 0 1 0.0
ELEM 1062 784 785 783 0 1 0.0
ELEM 1063 784 598 785 0 1 0.0
ELEM 1064 783 785 271 0 1 0.0
ELEM 1065 585 721 784 0 1 0.0
ELEM 1066 721 786 784 0 1 0.0
ELEM 1067 721 37 786 0 1 0.0
ELEM 1068 784 786 598 0 1 0.0
ELEM 1069 271 785 272 0 1 0.0
ELEM 1070 785 787 272 0 1 0.0
ELEM 1071 785 598 787 0 1 0.0
ELEM 1072 272 787 38 0 1 0.0
ELEM 1073 8 788 104 0 1 0.0
ELEM 1074 788 789 104 0 1 0.0
ELEM 1075 788 599 789 0 1 0.0
ELEM 1076 104 789 103 0 1 0.0
ELEM 1077 599 790 789 0 1 0.0
ELEM 1078 790 791 789 0 1 0.0
ELEM 1079 790 586 791 0 1 0.0
ELEM 1080 789 791 103 0 1 0.0
ELEM 1081 599 792 790 0 1 0.0
ELEM 1082 792 724 790 0 1 0.0
ELEM 1083 792 3 724 0 1 0.0
ELEM 1084 790 724 586 0 1 0.0
ELEM 1085 103 791 102 0 1 0.0
ELEM 1086 791 727 102 0 1 0.0
ELEM 1087 791 586 727 0 1 0.0
ELEM 1088 102 727 101 0 1 0.0
ELEM 1089 206 207 716 0 1 0.0
ELEM 1090 207 793 716 0 1 0.0
ELEM 1091 207 208 793 0 1 0.0
ELEM 1092 716 793 584 0 1 0.0
ELEM 1093 208 794 793 0 1 0.0
ELEM 1094 794 795 793 0 1 0.0
ELEM 1095 794 600 795 0 1 0.0
ELEM 1096 793 795 584 0 1 0.0
ELEM 1097 208 209 794 0 1 0.0
ELEM 1098 209 796 794 0 1 0.0
ELEM 1099 209 29 796 0 1 0.0
ELEM 1100 794 796 600 0 1 0.0
ELEM 1101 584 795 717 0 1 0.0
ELEM 1102 795 797 717 0 1 0.0
ELEM 1103 795 600 797 0 1 0.0
ELEM 1104 717 797 31 0 1 0.0
ELEM 1105 1 49 762 0 1 0.0
ELEM 1106 49 798 762 0 1 0.0
ELEM 1107 49 48 798 0 1 0.0
ELEM 1108 762 798 593 0 1 0.0
ELEM 1109 48 799 798 0 1 0.0
ELEM 1110 799 800 798 0 1 0.0
ELEM 1111 799 601 800 0 1 0.0
ELEM 1112 798 800 593 0 1 0.0
ELEM 1113 48 47 799 0 1 0.0
ELEM 1114 47 801 799 0 1 0.0
ELEM 1115 47 46 801 0 1 0.0
ELEM 1116 799 801 601 0 1 0.0
ELEM 1117 593 800 759 0 1 0.0
ELEM 1118 800 802 759 0 1 0.0
ELEM 1119 800 601 802 0 1 0.0
ELEM 1120 759 802 6 0 1 0.0
ELEM 1121 53 52 804 0 1 0.0
ELEM 1122 52 803 804 0 1 0.0
ELEM 1123 52 51 803 0 1 0.0
ELEM 1124 804 803 602 0 1 0.0
ELEM 1125 51 805 803 0 1 0.0
ELEM 1126 805 806 803 0 1 0.0
ELEM 1127 805 599 806 0 1 0.0
ELEM 1128 803 806 602 0 1 0.0
ELEM 1129 51 50 805 0 1 0.0
ELEM 1130 50 792 805 0 1 0.0
ELEM 1131 50 3 792 0 1 0.0
ELEM 1132 805 792 599 0 1 0.0
ELEM 1133 602 806 807 0 1 0.0
ELEM 1134 806 788 807 0 1 0.0
ELEM 1135 806 599 788 0 1 0.0
ELEM 1136 807 788 8 0 1 0.0
ELEM 1137 4 808 57 0 1 0.0
ELEM 1138 808 809 57 0 1 0.0
ELEM 1139 808 603 809 0 1 0.0
ELEM 1140 57 809 58 0 1 0.0
ELEM 1141 603 810 809 0 1 0.0
ELEM 1142 810 811 809 0 1 0.0
ELEM 1143 810 604 811 0 1 0.0
ELEM 1144 809 811 58 0 1 0.0
ELEM 1145 603 812 810 0 1 0.0
ELEM 1146 812 813 810 0 1 0.0
ELEM 1147 812 10 813 0 1 0.0
ELEM 1148 810 813 604 0 1 0.0
ELEM 1149 58 811 59 0 1 0.0
ELEM 1150 811 814 59 0 1 0.0
ELEM 1151 811 604 814 0 1 0.0
ELEM 1152 59 814 5 0 1 0.0
ELEM 1153 4 815 808 0 1 0.0
ELEM 1154 815 816 808 0 1 0.0
ELEM 1155 815 605 816 0 1 0.0
ELEM 1156 808 816 603 0 1 0.0
ELEM 1157 605 817 816 0 1 0.0
ELEM 1158 817 818 816 0 1 0.0
ELEM 1159 817 89 818 0 1 0.0
ELEM 1160 816 818 603 0 1 0.0
ELEM 1161 605 819 817 0 1 0.0
ELEM 1162 819 88 817 0 1 0.0
ELEM 1163 819 9 88 0 1 0.0
ELEM 1164 817 88 89 0 1 0.0
ELEM 1165 603 818 812 0 1 0.0
ELEM 1166 818 90 812 0 1 0.0
ELEM 1167 818 89 90 0 1 0.0
ELEM 1168 812 90 10 0 1 0.0
ELEM 1169 4 820 815 0 1 0.0
ELEM 1170 820 821 815 0 1 0.0
ELEM 1171 820 606 821 0 1 0.0
ELEM 1172 815 821 605 0 1 0.0
ELEM 1173 606 822 821 0 1 0.0
ELEM 1174 822 823 821 0 1 0.0
ELEM 1175 822 86 823 0 1 0.0
ELEM 1176 821 823 605 0 1 0.0
ELEM 1177 606 824 822 0 1 0.0
ELEM 1178 824 85 822 0 1 0.0
ELEM 1179 824 84 85 0 1 0.0
ELEM 1180 822 85 86 0 1 0.0
ELEM 1181 605 823 819 0 1 0.0
ELEM 1182 823 87 819 0 1 0.0
ELEM 1183 823 86 87 0 1 0.0
ELEM 1184 819 87 9 0 1 0.0
ELEM 1185 4 56 820 0 1 0.0
ELEM 1186 56 825 820 0 1 0.0
ELEM 1187 56 55 825 0 1 0.0
ELEM 1188 820 825 606 0 1 0.0
ELEM 1189 55 826 825 0 1 0.0
ELEM 1190 826 827 825 0 1 0.0
ELEM 1191 826 607 827 0 1 0.0
ELEM 1192 825 827 606 0 1 0.0
ELEM 1193 55 54 826 0 1 0.0
ELEM 1194 54 828 826 0 1 0.0
ELEM 1195 54 53 828 0 1 0.0
ELEM 1196 826 828 607 0 1 0.0
ELEM 1197 606 827 824 0 1 0.0
ELEM 1198 827 829 824 0 1 0.0
ELEM 1199 827 607 829 0 1 0.0
ELEM 1200 824 829 84 0 1 0.0
ELEM 1201 10 91 813 0 1 0.0
ELEM 1202 91 830 813 0 1 0.0
ELEM 1203 91 92 830 0 1 0.0
ELEM 1204 813 830 604 0 1 0.0
ELEM 1205 92 831 830 0 1 0.0
ELEM 1206 831 832 830 0 1 0.0
ELEM 1207 831 608 832 0 1 0.0
ELEM 1208 830 832 604 0 1 0.0
ELEM 1209 92 93 831 0 1 0.0
ELEM 1210 93 833 831 0 1 0.0
ELEM 1211 93 94 833 0 1 0.0
ELEM 1212 831 833 608 0 1 0.0
ELEM 1213 604 832 814 0 1 0.0
ELEM 1214 832 834 814 0 1 0.0
ELEM 1215 832 608 834 0 1 0.0
ELEM 1216 814 834 5 0 1 0.0
ELEM 1217 63 62 836 0 1 0.0
ELEM 1218 62 835 836 0 1 0.0
ELEM 1219 62 61 835 0 1 0.0
ELEM 1220 836 835 609 0 1 0.0
ELEM 1221 61 837 835 0 1 0.0
ELEM 1222 837 838 835 0 1 0.0
ELEM 1223 837 608 838 0 1 0.0
ELEM 1224 835 838 609 0 1 0.0
ELEM 1225 61 60 837 0 1 0.0
ELEM 1226 60 834 837 0 1 0.0
ELEM 1227 60 5 834 0 1 0.0
ELEM 1228 837 834 608 0 1 0.0
ELEM 1229 609 838 839 0 1 0.0
ELEM 1230 838 833 839 0 1 0.0
ELEM 1231 838 608 833 0 1 0.0
ELEM 1232 839 833 94 0 1 0.0
ELEM 1233 84 829 83 0 1 0.0
ELEM 1234 829 840 83 0 1 0.0
ELEM 1235 829 607 840 0 1 0.0
ELEM 1236 83 840 82 0 1 0.0
ELEM 1237 607 841 840 0 1 0.0
ELEM 1238 841 842 840 0 1 0.0
ELEM 1239 841 602 842 0 1 0.0
ELEM 1240 840 842 82 0 1 0.0
ELEM 1241 607 828 841 0 1 0.0
ELEM 1242 828 804 841 0 1 0.0
ELEM 1243 828 53 804 0 1 0.0
ELEM 1244 841 804 602 0 1 0.0
ELEM 1245 82 842 81 0 1 0.0
ELEM 1246 842 807 81 0 1 0.0
ELEM 1247 842 602 807 0 1 0.0
ELEM 1248 81 807 8 0 1 0.0
ELEM 1249 12 843 97 0 1 0.0
ELEM 1250 843 844 97 0 1 0.0
ELEM 1251 843 610 844 0 1 0.0
ELEM 1252 97 844 96 0 1 0.0
ELEM 1253 610 845 844 0 1 0.0
ELEM 1254 845 846 844 0 1 0.0
ELEM 1255 845 609 846 0 1 0.0
ELEM 1256 844 846 96 0 1 0.0
ELEM 1257 610 847 845 0 1 0.0
ELEM 1258 847 836 845 0 1 0.0
ELEM 1259 847 63 836 0 1 0.0
ELEM 1260 845 836 609 0 1 0.0
ELEM 1261 96 846 95 0 1 0.0
ELEM 1262 846 839 95 0 1 0.0
ELEM 1263 846 609 839 0 1 0.0
ELEM 1264 95 839 94 0 1 0.0
ELEM 1265 164 848 165 0 1 0.0
ELEM 1266 848 849 165 0 1 0.0
ELEM 1267 848 611 849 0 1 0.0
ELEM 1268 165 849 166 0 1 0.0
ELEM 1269 611 850 849 0 1 0.0
ELEM 1270 850 851 849 0 1 0.0
ELEM 1271 850 612 851 0 1 0.0
ELEM 1272 849 851 166 0 1 0.0
ELEM 1273 611 852 850 0 1 0.0
ELEM 1274 852 853 850 0 1 0.0
ELEM 1275 852 150 853 0 1 0.0
ELEM 1276 850 853 612 0 1 0.0
ELEM 1277 166 851 167 0 1 0.0
ELEM 1278 851 854 167 0 1 0.0
ELEM 1279 851 612 854 0 1 0.0
ELEM 1280 167 854 12 0 1 0.0
ELEM 1281 14 855 772 0 1 0.0
ELEM 1282 855 856 772 0 1 0.0
ELEM 1283 855 613 856 0 1 0.0
ELEM 1284 772 856 595 0 1 0.0
ELEM 1285 613 857 856 0 1 0.0
ELEM 1286 857 858 856 0 1 0.0
ELEM 1287 857 110 858 0 1 0.0
ELEM 1288 856 858 595 0 1 0.0
ELEM 1289 613 859 857 0 1 0.0
ELEM 1290 859 109 857 0 1 0.0
ELEM 1291 859 108 109 0 1 0.0
ELEM 1292 857 109 110 0 1 0.0
ELEM 1293 595 858 769 0 1 0.0
ELEM 1294 858 111 769 0 1 0.0
ELEM 1295 858 110 111 0 1 0.0
ELEM 1296 769 111 13 0 1 0.0
ELEM 1297 16 779 861 0 1 0.0
ELEM 1298 779 860 861 0 1 0.0
ELEM 1299 779 597 860 0 1 0.0
ELEM 1300 861 860 614 0 1 0.0
ELEM 1301 597 862 860 0 1 0.0
ELEM 1302 862 863 860 0 1 0.0
ELEM 1303 862 134 863 0 1 0.0
ELEM 1304 860 863 614 0 1 0.0
ELEM 1305 597 782 862 0 1 0.0
ELEM 1306 782 133 862 0 1 0.0
ELEM 1307 782 15 133 0 1 0.0
ELEM 1308 862 133 134 0 1 0.0
ELEM 1309 614 863 864 0 1 0.0
ELEM 1310 863 135 864 0 1 0.0
ELEM 1311 863 134 135 0 1 0.0
ELEM 1312 864 135 136 0 1 0.0
ELEM 1313 136 865 864 0 1 0.0
ELEM 1314 865 866 864 0 1 0.0
ELEM 1315 865 615 866 0 1 0.0
ELEM 1316 864 866 614 0 1 0.0
ELEM 1317 615 867 866 0 1 0.0
ELEM 1318 867 868 866 0 1 0.0
ELEM 1319 867 141 868 0 1 0.0
ELEM 1320 866 868 614 0 1 0.0
ELEM 1321 615 869 867 0 1 0.0
ELEM 1322 869 142 867 0 1 0.0
ELEM 1323 869 143 142 0 1 0.0
ELEM 1324 867 142 141 0 1 0.0
ELEM 1325 614 868 861 0 1 0.0
ELEM 1326 868 140 861 0 1 0.0
ELEM 1327 868 141 140 0 1 0.0
ELEM 1328 861 140 16 0 1 0.0
ELEM 1329 18 146 664 0 1 0.0
ELEM 1330 146 870 664 0 1 0.0
ELEM 1331 146 145 870 0 1 0.0
ELEM 1332 664 870 571 0 1 0.0
ELEM 1333 145 871 870 0 1 0.0
ELEM 1334 871 872 870 0 1 0.0
ELEM 1335 871 616 872 0 1 0.0
ELEM 1336 870 872 571 0 1 0.0
ELEM 1337 145 144 871 0 1 0.0
ELEM 1338 144 873 871 0 1 0.0
ELEM 1339 144 143 873 0 1 0.0
ELEM 1340 871 873 616 0 1 0.0
ELEM 1341 571 872 660 0 1 0.0
ELEM 1342 872 874 660 0 1 0.0
ELEM 1343 872 616 874 0 1 0.0
ELEM 1344 660 874 17 0 1 0.0
ELEM 1345 143 869 873 0 1 0.0
ELEM 1346 869 875 873 0 1 0.0
ELEM 1347 869 615 875 0 1 0.0
ELEM 1348 873 875 616 0 1 0.0
ELEM 1349 615 876 875 0 1 0.0
ELEM 1350 876 877 875 0 1 0.0
ELEM 1351 876 138 877 0 1 0.0
ELEM 1352 875 877 616 0 1 0.0
ELEM 1353 615 865 876 0 1 0.0
ELEM 1354 865 137 876 0 1 0.0
ELEM 1355 865 136 137 0 1 0.0
ELEM 1356 876 137 138 0 1 0.0
ELEM 1357 616 877 874 0 1 0.0
ELEM 1358 877 139 874 0 1 0.0
ELEM 1359 877 138 139 0 1 0.0
ELEM 1360 874 139 17 0 1 0.0
ELEM 1361 20 747 161 0 1 0.0
ELEM 1362 747 878 161 0 1 0.0
ELEM 1363 747 590 878 0 1 0.0
ELEM 1364 161 878 162 0 1 0.0
ELEM 1365 590 879 878 0 1 0.0
ELEM 1366 879 880 878 0 1 0.0
ELEM 1367 879 617 880 0 1 0.0
ELEM 1368 878 880 162 0 1 0.0
ELEM 1369 590 746 879 0 1 0.0
ELEM 1370 746 881 879 0 1 0.0
ELEM 1371 746 19 881 0 1 0.0
ELEM 1372 879 881 617 0 1 0.0
ELEM 1373 162 880 163 0 1 0.0
ELEM 1374 880 882 163 0 1 0.0
ELEM 1375 880 617 882 0 1 0.0
ELEM 1376 163 882 164 0 1 0.0
ELEM 1377 164 882 848 0 1 0.0
ELEM 1378 882 883 848 0 1 0.0
ELEM 1379 882 617 883 0 1 0.0
ELEM 1380 848 883 611 0 1 0.0
ELEM 1381 617 884 883 0 1 0.0
ELEM 1382 884 885 883 0 1 0.0
ELEM 1383 884 148 885 0 1 0.0
ELEM 1384 883 885 611 0 1 0.0
ELEM 1385 617 881 884 0 1 0.0
ELEM 1386 881 147 884 0 1 0.0
ELEM 1387 881 19 147 0 1 0.0
ELEM 1388 884 147 148 0 1 0.0
ELEM 1389 611 885 852 0 1 0.0
ELEM 1390 885 149 852 0 1 0.0
ELEM 1391 885 148 149 0 1 0.0
ELEM 1392 852 149 150 0 1 0.0
ELEM 1393 192 193 887 0 1 0.0
ELEM 1394 193 886 887 0 1 0.0
ELEM 1395 193 194 886 0 1 0.0
ELEM 1396 887 886 618 0 1 0.0
ELEM 1397 194 888 886 0 1 0.0
ELEM 1398 888 889 886 0 1 0.0
ELEM 1399 888 566 889 0 1 0.0
ELEM 1400 886 889 618 0 1 0.0
ELEM 1401 194 195 888 0 1 0.0
ELEM 1402 195 649 888 0 1 0.0
ELEM 1403 195 25 649 0 1 0.0
ELEM 1404 888 649 566 0 1 0.0
ELEM 1405 618 889 890 0 1 0.0
ELEM 1406 889 644 890 0 1 0.0
ELEM 1407 889 566 644 0 1 0.0
ELEM 1408 890 644 27 0 1 0.0
ELEM 1409 26 252 756 0 1 0.0
ELEM 1410 252 891 756 0 1 0.0
ELEM 1411 252 253 891 0 1 0.0
ELEM 1412 756 891 592 0 1 0.0
ELEM 1413 253 892 891 0 1 0.0
ELEM 1414 892 893 891 0 1 0.0
ELEM 1415 892 619 893 0 1 0.0
ELEM 1416 891 893 592 0 1 0.0
ELEM 1417 253 254 892 0 1 0.0
ELEM 1418 254 894 892 0 1 0.0
ELEM 1419 254 255 894 0 1 0.0
ELEM 1420 892 894 619 0 1 0.0
ELEM 1421 592 893 757 0 1 0.0
ELEM 1422 893 895 757 0 1 0.0
ELEM 1423 893 619 895 0 1 0.0
ELEM 1424 757 895 28 0 1 0.0
ELEM 1425 27 216 890 0 1 0.0
ELEM 1426 216 896 890 0 1 0.0
ELEM 1427 216 215 896 0 1 0.0
ELEM 1428 890 896 618 0 1 0.0
ELEM 1429 215 897 896 0 1 0.0
ELEM 1430 897 898 896 0 1 0.0
ELEM 1431 897 620 898 0 1 0.0
ELEM 1432 896 898 618 0 1 0.0
ELEM 1433 215 214 897 0 1 0.0
ELEM 1434 214 899 897 0 1 0.0
ELEM 1435 214 213 899 0 1 0.0
ELEM 1436 897 899 620 0 1 0.0
ELEM 1437 618 898 887 0 1 0.0
ELEM 1438 898 900 887 0 1 0.0
ELEM 1439 898 620 900 0 1 0.0
ELEM 1440 887 900 192 0 1 0.0
ELEM 1441 241 240 902 0 1 0.0
ELEM 1442 240 901 902 0 1 0.0
ELEM 1443 240 239 901 0 1 0.0
ELEM 1444 902 901 621 0 1 0.0
ELEM 1445 239 903 901 0 1 0.0
ELEM 1446 903 904 901 0 1 0.0
ELEM 1447 903 619 904 0 1 0.0
ELEM 1448 901 904 621 0 1 0.0
ELEM 1449 239 238 903 0 1 0.0
ELEM 1450 238 895 903 0 1 0.0
ELEM 1451 238 28 895 0 1 0.0
ELEM 1452 903 895 619 0 1 0.0
ELEM 1453 621 904 905 0 1 0.0
ELEM 1454 904 894 905 0 1 0.0
ELEM 1455 904 619 894 0 1 0.0
ELEM 1456 905 894 255 0 1 0.0
ELEM 1457 213 212 907 0 1 0.0
ELEM 1458 212 906 907 0 1 0.0
ELEM 1459 212 211 906 0 1 0.0
ELEM 1460 907 906 622 0 1 0.0
ELEM 1461 211 908 906 0 1 0.0
ELEM 1462 908 909 906 0 1 0.0
ELEM 1463 908 600 909 0 1 0.0
ELEM 1464 906 909 622 0 1 0.0
ELEM 1465 211 210 908 0 1 0.0
ELEM 1466 210 797 908 0 1 0.0
ELEM 1467 210 31 797 0 1 0.0
ELEM 1468 908 797 600 0 1 0.0
ELEM 1469 622 909 910 0 1 0.0
ELEM 1470 909 796 910 0 1 0.0
ELEM 1471 909 600 796 0 1 0.0
ELEM 1472 910 796 29 0 1 0.0
ELEM 1473 213 907 899 0 1 0.0
ELEM 1474 907 911 899 0 1 0.0
ELEM 1475 907 622 911 0 1 0.0
ELEM 1476 899 911 620 0 1 0.0
ELEM 1477 622 912 911 0 1 0.0
ELEM 1478 912 913 911 0 1 0.0
ELEM 1479 912 190 913 0 1 0.0
ELEM 1480 911 913 620 0 1 0.0
ELEM 1481 622 910 912 0 1 0.0
ELEM 1482 910 189 912 0 1 0.0
ELEM 1483 910 29 189 0 1 0.0
ELEM 1484 912 189 190 0 1 0.0
ELEM 1485 620 913 900 0 1 0.0
ELEM 1486 913 191 900 0 1 0.0
ELEM 1487 913 190 191 0 1 0.0
ELEM 1488 900 191 192 0 1 0.0
ELEM 1489 32 223 773 0 1 0.0
ELEM 1490 223 914 773 0 1 0.0
ELEM 1491 223 222 914 0 1 0.0
ELEM 1492 773 914 596 0 1 0.0
ELEM 1493 222 915 914 0 1 0.0
ELEM 1494 915 916 914 0 1 0.0
ELEM 1495 915 623 916 0 1 0.0
ELEM 1496 914 916 596 0 1 0.0
ELEM 1497 222 221 915 0 1 0.0
ELEM 1498 221 917 915 0 1 0.0
ELEM 1499 221 220 917 0 1 0.0
ELEM 1500 915 917 623 0 1 0.0
ELEM 1501 596 916 777 0 1 0.0
ELEM 1502 916 918 777 0 1 0.0
ELEM 1503 916 623 918 0 1 0.0
ELEM 1504 777 918 30 0 1 0.0
ELEM 1505 35 919 763 0 1 0.0
ELEM 1506 919 920 763 0 1 0.0
ELEM 1507 919 624 920 0 1 0.0
ELEM 1508 763 920 594 0 1 0.0
ELEM 1509 624 921 920 0 1 0.0
ELEM 1510 921 922 920 0 1 0.0
ELEM 1511 921 236 922 0 1 0.0
ELEM 1512 920 922 594 0 1 0.0
ELEM 1513 624 923 921 0 1 0.0
ELEM 1514 923 235 921 0 1 0.0
ELEM 1515 923 234 235 0 1 0.0
ELEM 1516 921 235 236 0 1 0.0
ELEM 1517 594 922 767 0 1 0.0
ELEM 1518 922 237 767 0 1 0.0
ELEM 1519 922 236 237 0 1 0.0
ELEM 1520 767 237 33 0 1 0.0
ELEM 1521 241 902 925 0 1 0.0
ELEM 1522 902 924 925 0 1 0.0
ELEM 1523 902 621 924 0 1 0.0
ELEM 1524 925 924 625 0 1 0.0
ELEM 1525 621 926 924 0 1 0.0
ELEM 1526 926 927 924 0 1 0.0
ELEM 1527 926 257 927 0 1 0.0
ELEM 1528 924 927 625 0 1 0.0
ELEM 1529 621 905 926 0 1 0.0
ELEM 1530 905 256 926 0 1 0.0
ELEM 1531 905 255 256 0 1 0.0
ELEM 1532 926 256 257 0 1 0.0
ELEM 1533 625 927 928 0 1 0.0
ELEM 1534 927 258 928 0 1 0.0
ELEM 1535 927 257 258 0 1 0.0
ELEM 1536 928 258 36 0 1 0.0
ELEM 1537 290 929 931 0 1 0.0
ELEM 1538 929 930 931 0 1 0.0
ELEM 1539 929 626 930 0 1 0.0
ELEM 1540 931 930 627 0 1 0.0
ELEM 1541 626 932 930 0 1 0.0
ELEM 1542 932 933 930 0 1 0.0
ELEM 1543 932 306 933 0 1 0.0
ELEM 1544 930 933 627 0 1 0.0
ELEM 1545 626 934 932 0 1 0.0
ELEM 1546 934 307 932 0 1 0.0
ELEM 1547 934 36 307 0 1 0.0
ELEM 1548 932 307 306 0 1 0.0
ELEM 1549 627 933 935 0 1 0.0
ELEM 1550 933 305 935 0 1 0.0
ELEM 1551 933 306 305 0 1 0.0
ELEM 1552 935 305 304 0 1 0.0
ELEM 1553 38 787 937 0 1 0.0
ELEM 1554 787 936 937 0 1 0.0
ELEM 1555 787 598 936 0 1 0.0
ELEM 1556 937 936 628 0 1 0.0
ELEM 1557 598 938 936 0 1 0.0
ELEM 1558 938 939 936 0 1 0.0
ELEM 1559 938 274 939 0 1 0.0
ELEM 1560 936 939 628 0 1 0.0
ELEM 1561 598 786 938 0 1 0.0
ELEM 1562 786 273 938 0 1 0.0
ELEM 1563 786 37 273 0 1 0.0
ELEM 1564 938 273 274 0 1 0.0
ELEM 1565 628 939 940 0 1 0.0
ELEM 1566 939 275 940 0 1 0.0
ELEM 1567 939 274 275 0 1 0.0
ELEM 1568 940 275 276 0 1 0.0
ELEM 1569 38 937 280 0 1 0.0
ELEM 1570 937 941 280 0 1 0.0
ELEM 1571 937 628 941 0 1 0.0
ELEM 1572 280 941 281 0 1 0.0
ELEM 1573 628 942 941 0 1 0.0
ELEM 1574 942 943 941 0 1 0.0
ELEM 1575 942 629 943 0 1 0.0
ELEM 1576 941 943 281 0 1 0.0
ELEM 1577 628 940 942 0 1 0.0
ELEM 1578 940 944 942 0 1 0.0
ELEM 1579 940 276 944 0 1 0.0
ELEM 1580 942 944 629 0 1 0.0
ELEM 1581 281 943 282 0 1 0.0
ELEM 1582 943 945 282 0 1 0.0
ELEM 1583 943 629 945 0 1 0.0
ELEM 1584 282 945 283 0 1 0.0
ELEM 1585 283 946 284 0 1 0.0
ELEM 1586 946 947 284 0 1 0.0
ELEM 1587 946 630 947 0 1 0.0
ELEM 1588 284 947 285 0 1 0.0
ELEM 1589 630 948 947 0 1 0.0
ELEM 1590 948 949 947 0 1 0.0
ELEM 1591 948 568 949 0 1 0.0
ELEM 1592 947 949 285 0 1 0.0
ELEM 1593 630 950 948 0 1 0.0
ELEM 1594 950 655 948 0 1 0.0
ELEM 1595 950 39 655 0 1 0.0
ELEM 1596 948 655 568 0 1 0.0
ELEM 1597 285 949 286 0 1 0.0
ELEM 1598 949 651 286 0 1 0.0
ELEM 1599 949 568 651 0 1 0.0
ELEM 1600 286 651 40 0 1 0.0
ELEM 1601 283 945 946 0 1 0.0
ELEM 1602 945 951 946 0 1 0.0
ELEM 1603 945 629 951 0 1 0.0
ELEM 1604 946 951 630 0 1 0.0
ELEM 1605 629 952 951 0 1 0.0
ELEM 1606 952 953 951 0 1 0.0
ELEM 1607 952 278 953 0 1 0.0
ELEM 1608 951 953 630 0 1 0.0
ELEM 1609 629 944 952 0 1 0.0
ELEM 1610 944 277 952 0 1 0.0
ELEM 1611 944 276 277 0 1 0.0
ELEM 1612 952 277 278 0 1 0.0
ELEM 1613 630 953 950 0 1 0.0
ELEM 1614 953 279 950 0 1 0.0
ELEM 1615 953 278 279 0 1 0.0
ELEM 1616 950 279 39 0 1 0.0
ELEM 1617 42 752 301 0 1 0.0
ELEM 1618 752 954 301 0 1 0.0
ELEM 1619 752 591 954 0 1 0.0
ELEM 1620 301 954 302 0 1 0.0
ELEM 1621 591 955 954 0 1 0.0
ELEM 1622 955 956 954 0 1 0.0
ELEM 1623 955 631 956 0 1 0.0
ELEM 1624 954 956 302 0 1 0.0
ELEM 1625 591 751 955 0 1 0.0
ELEM 1626 751 957 955 0 1 0.0
ELEM 1627 751 41 957 0 1 0.0
ELEM 1628 955 957 631 0 1 0.0
ELEM 1629 302 956 303 0 1 0.0
ELEM 1630 956 958 303 0 1 0.0
ELEM 1631 956 631 958 0 1 0.0
ELEM 1632 303 958 304 0 1 0.0
ELEM 1633 304 958 935 0 1 0.0
ELEM 1634 958 959 935 0 1 0.0
ELEM 1635 958 631 959 0 1 0.0
ELEM 1636 935 959 627 0 1 0.0
ELEM 1637 631 960 959 0 1 0.0
ELEM 1638 960 961 959 0 1 0.0
ELEM 1639 960 288 961 0 1 0.0
ELEM 1640 959 961 627 0 1 0.0
ELEM 1641 631 957 960 0 1 0.0
ELEM 1642 957 287 960 0 1 0.0
ELEM 1643 957 41 287 0 1 0.0
ELEM 1644 960 287 288 0 1 0.0
ELEM 1645 627 961 931 0 1 0.0
ELEM 1646 961 289 931 0 1 0.0
ELEM 1647 961 288 289 0 1 0.0
ELEM 1648 931 289 290 0 1 0.0
ELEM 1649 6 802 80 0 1 0.0
ELEM 1650 802 962 80 0 1 0.0
ELEM 1651 802 601 962 0 1 0.0
ELEM 1652 80 962 79 0 1 0.0
ELEM 1653 601 963 962 0 1 0.0
ELEM 1654 963 964 962 0 1 0.0
ELEM 1655 963 632 964 0 1 0.0
ELEM 1656 962 964 79 0 1 0.0
ELEM 1657 601 801 963 0 1 0.0
ELEM 1658 801 965 963 0 1 0.0
ELEM 1659 801 46 965 0 1 0.0
ELEM 1660 963 965 632 0 1 0.0
ELEM 1661 79 964 78 0 1 0.0
ELEM 1662 964 966 78 0 1 0.0
ELEM 1663 964 632 966 0 1 0.0
ELEM 1664 78 966 77 0 1 0.0
ELEM 1665 11 66 968 0 1 0.0
ELEM 1666 66 967 968 0 1 0.0
ELEM 1667 66 65 967 0 1 0.0
ELEM 1668 968 967 633 0 1 0.0
ELEM 1669 65 969 967 0 1 0.0
ELEM 1670 969 970 967 0 1 0.0
ELEM 1671 969 610 970 0 1 0.0
ELEM 1672 967 970 633 0 1 0.0
ELEM 1673 65 64 969 0 1 0.0
ELEM 1674 64 847 969 0 1 0.0
ELEM 1675 64 63 847 0 1 0.0
ELEM 1676 969 847 610 0 1 0.0
ELEM 1677 633 970 971 0 1 0.0
ELEM 1678 970 843 971 0 1 0.0
ELEM 1679 970 610 843 0 1 0.0
ELEM 1680 971 843 12 0 1 0.0
ELEM 1681 12 854 971 0 1 0.0
ELEM 1682 854 972 971 0 1 0.0
ELEM 1683 854 612 972 0 1 0.0
ELEM 1684 971 972 633 0 1 0.0
ELEM 1685 612 973 972 0 1 0.0
ELEM 1686 973 974 972 0 1 0.0
ELEM 1687 973 152 974 0 1 0.0
ELEM 1688 972 974 633 0 1 0.0
ELEM 1689 612 853 973 0 1 0.0
ELEM 1690 853 151 973 0 1 0.0
ELEM 1691 853 150 151 0 1 0.0
ELEM 1692 973 151 152 0 1 0.0
ELEM 1693 633 974 968 0 1 0.0
ELEM 1694 974 153 968 0 1 0.0
ELEM 1695 974 152 153 0 1 0.0
ELEM 1696 968 153 11 0 1 0.0
ELEM 1697 14 118 855 0 1 0.0
ELEM 1698 118 975 855 0 1 0.0
ELEM 1699 118 117 975 0 1 0.0
ELEM 1700 855 975 613 0 1 0.0
ELEM 1701 117 976 975 0 1 0.0
ELEM 1702 976 977 975 0 1 0.0
ELEM 1703 976 634 977 0 1 0.0
ELEM 1704 975 977 613 0 1 0.0
ELEM 1705 117 116 976 0 1 0.0
ELEM 1706 116 978 976 0 1 0.0
ELEM 1707 116 115 978 0 1 0.0
ELEM 1708 976 978 634 0 1 0.0
ELEM 1709 613 977 859 0 1 0.0
ELEM 1710 977 979 859 0 1 0.0
ELEM 1711 977 634 979 0 1 0.0
ELEM 1712 859 979 108 0 1 0.0
ELEM 1713 22 74 981 0 1 0.0
ELEM 1714 74 980 981 0 1 0.0
ELEM 1715 74 75 980 0 1 0.0
ELEM 1716 981 980 636 0 1 0.0
ELEM 1717 75 982 980 0 1 0.0
ELEM 1718 982 983 980 0 1 0.0
ELEM 1719 982 635 983 0 1 0.0
ELEM 1720 980 983 636 0 1 0.0
ELEM 1721 75 76 982 0 1 0.0
ELEM 1722 76 984 982 0 1 0.0
ELEM 1723 76 77 984 0 1 0.0
ELEM 1724 982 984 635 0 1 0.0
ELEM 1725 636 983 986 0 1 0.0
ELEM 1726 983 985 986 0 1 0.0
ELEM 1727 983 635 985 0 1 0.0
ELEM 1728 986 985 21 0 1 0.0
ELEM 1729 248 247 988 0 1 0.0
ELEM 1730 247 987 988 0 1 0.0
ELEM 1731 247 246 987 0 1 0.0
ELEM 1732 988 987 637 0 1 0.0
ELEM 1733 246 989 987 0 1 0.0
ELEM 1734 989 990 987 0 1 0.0
ELEM 1735 989 636 990 0 1 0.0
ELEM 1736 987 990 637 0 1 0.0
ELEM 1737 246 245 989 0 1 0.0
ELEM 1738 245 981 989 0 1 0.0
ELEM 1739 245 22 981 0 1 0.0
ELEM 1740 989 981 636 0 1 0.0
ELEM 1741 637 990 991 0 1 0.0
ELEM 1742 990 986 991 0 1 0.0
ELEM 1743 990 636 986 0 1 0.0
ELEM 1744 991 986 21 0 1 0.0
ELEM 1745 77 966 984 0 1 0.0
ELEM 1746 966 992 984 0 1 0.0
ELEM 1747 966 632 992 0 1 0.0
ELEM 1748 984 992 635 0 1 0.0
ELEM 1749 632 993 992 0 1 0.0
ELEM 1750 993 994 992 0 1 0.0
ELEM 1751 993 44 994 0 1 0.0
ELEM 1752 992 994 635 0 1 0.0
ELEM 1753 632 965 993 0 1 0.0
ELEM 1754 965 45 993 0 1 0.0
ELEM 1755 965 46 45 0 1 0.0
ELEM 1756 993 45 44 0 1 0.0
ELEM 1757 635 994 985 0 1 0.0
ELEM 1758 994 43 985 0 1 0.0
ELEM 1759 994 44 43 0 1 0.0
ELEM 1760 985 43 21 0 1 0.0
ELEM 1761 234 995 233 0 1 0.0
ELEM 1762 995 996 233 0 1 0.0
ELEM 1763 995 638 996 0 1 0.0
ELEM 1764 233 996 232 0 1 0.0
ELEM 1765 638 997 996 0 1 0.0
ELEM 1766 997 998 996 0 1 0.0
ELEM 1767 997 637 998 0 1 0.0
ELEM 1768 996 998 232 0 1 0.0
ELEM 1769 638 999 997 0 1 0.0
ELEM 1770 999 988 997 0 1 0.0
ELEM 1771 999 248 988 0 1 0.0
ELEM 1772 997 988 637 0 1 0.0
ELEM 1773 232 998 231 0 1 0.0
ELEM 1774 998 991 231 0 1 0.0
ELEM 1775 998 637 991 0 1 0.0
ELEM 1776 231 991 21 0 1 0.0
ELEM 1777 23 1000 1002 0 1 0.0
ELEM 1778 1000 1001 1002 0 1 0.0
ELEM 1779 1000 639 1001 0 1 0.0
ELEM 1780 1002 1001 640 0 1 0.0
ELEM 1781 639 1003 1001 0 1 0.0
ELEM 1782 1003 1004 1001 0 1 0.0
ELEM 1783 1003 113 1004 0 1 0.0
ELEM 1784 1001 1004 640 0 1 0.0
ELEM 1785 639 1005 1003 0 1 0.0
ELEM 1786 1005 114 1003 0 1 0.0
ELEM 1787 1005 115 114 0 1 0.0
ELEM 1788 1003 114 113 0 1 0.0
ELEM 1789 640 1004 1006 0 1 0.0
ELEM 1790 1004 112 1006 0 1 0.0
ELEM 1791 1004 113 112 0 1 0.0
ELEM 1792 1006 112 24 0 1 0.0
ELEM 1793 23 1002 1008 0 1 0.0
ELEM 1794 1002 1007 1008 0 1 0.0
ELEM 1795 1002 640 1007 0 1 0.0
ELEM 1796 1008 1007 641 0 1 0.0
ELEM 1797 640 1009 1007 0 1 0.0
ELEM 1798 1009 1010 1007 0 1 0.0
ELEM 1799 1009 197 1010 0 1 0.0
ELEM 1800 1007 1010 641 0 1 0.0
ELEM 1801 640 1006 1009 0 1 0.0
ELEM 1802 1006 196 1009 0 1 0.0
ELEM 1803 1006 24 196 0 1 0.0
ELEM 1804 1009 196 197 0 1 0.0
ELEM 1805 641 1010 1011 0 1 0.0
ELEM 1806 1010 198 1011 0 1 0.0
ELEM 1807 1010 197 198 0 1 0.0
ELEM 1808 1011 198 199 0 1 0.0
ELEM 1809 108 979 107 0 1 0.0
ELEM 1810 979 1012 107 0 1 0.0
ELEM 1811 979 634 1012 0 1 0.0
ELEM 1812 107 1012 106 0 1 0.0
ELEM 1813 634 1013 1012 0 1 0.0
ELEM 1814 1013 1014 1012 0 1 0.0
ELEM 1815 1013 639 1014 0 1 0.0
ELEM 1816 1012 1014 106 0 1 0.0
ELEM 1817 634 978 1013 0 1 0.0
ELEM 1818 978 1005 1013 0 1 0.0
ELEM 1819 978 115 1005 0 1 0.0
ELEM 1820 1013 1005 639 0 1 0.0
ELEM 1821 106 1014 105 0 1 0.0
ELEM 1822 1014 1000 105 0 1 0.0
ELEM 1823 1014 639 1000 0 1 0.0
ELEM 1824 105 1000 23 0 1 0.0
ELEM 1825 23 1008 217 0 1 0.0
ELEM 1826 1008 1015 217 0 1 0.0
ELEM 1827 1008 641 1015 0 1 0.0
ELEM 1828 217 1015 218 0 1 0.0
ELEM 1829 641 1016 1015 0 1 0.0
ELEM 1830 1016 1017 1015 0 1 0.0
ELEM 1831 1016 642 1017 0 1 0.0
ELEM 1832 1015 1017 218 0 1 0.0
ELEM 1833 641 1011 1016 0 1 0.0
ELEM 1834 1011 1018 1016 0 1 0.0
ELEM 1835 1011 199 1018 0 1 0.0
ELEM 1836 1016 1018 642 0 1 0.0
ELEM 1837 218 1017 219 0 1 0.0
ELEM 1838 1017 1019 219 0 1 0.0
ELEM 1839 1017 642 1019 0 1 0.0
ELEM 1840 219 1019 220 0 1 0.0
ELEM 1841 199 200 1018 0 1 0.0
ELEM 1842 200 1020 1018 0 1 0.0
ELEM 1843 200 201 1020 0 1 0.0
ELEM 1844 1018 1020 642 0 1 0.0
ELEM 1845 201 1021 1020 0 1 0.0
ELEM 1846 1021 1022 1020 0 1 0.0
ELEM 1847 1021 623 1022 0 1 0.0
ELEM 1848 1020 1022 642 0 1 0.0
ELEM 1849 201 202 1021 0 1 0.0
ELEM 1850 202 918 1021 0 1 0.0
ELEM 1851 202 30 918 0 1 0.0
ELEM 1852 1021 918 623 0 1 0.0
ELEM 1853 642 1022 1019 0 1 0.0
ELEM 1854 1022 917 1019 0 1 0.0
ELEM 1855 1022 623 917 0 1 0.0
ELEM 1856 1019 917 220 0 1 0.0
ELEM 1857 34 244 1024 0 1 0.0
ELEM 1858 244 1023 1024 0 1 0.0
ELEM 1859 244 243 1023 0 1 0.0
ELEM 1860 1024 1023 643 0 1 0.0
ELEM 1861 243 1025 1023 0 1 0.0
ELEM 1862 1025 1026 1023 0 1 0.0
ELEM 1863 1025 625 1026 0 1 0.0
ELEM 1864 1023 1026 643 0 1 0.0
ELEM 1865 243 242 1025 0 1 0.0
ELEM 1866 242 925 1025 0 1 0.0
ELEM 1867 242 241 925 0 1 0.0
ELEM 1868 1025 925 625 0 1 0.0
ELEM 1869 643 1026 1027 0 1 0.0
ELEM 1870 1026 928 1027 0 1 0.0
ELEM 1871 1026 625 928 0 1 0.0
ELEM 1872 1027 928 36 0 1 0.0
ELEM 1873 36 934 1027 0 1 0.0
ELEM 1874 934 1028 1027 0 1 0.0
ELEM 1875 934 626 1028 0 1 0.0
ELEM 1876 1027 1028 643 0 1 0.0
ELEM 1877 626 1029 1028 0 1 0.0
ELEM 1878 1029 1030 1028 0 1 0.0
ELEM 1879 1029 292 1030 0 1 0.0
ELEM 1880 1028 1030 643 0 1 0.0
ELEM 1881 626 929 1029 0 1 0.0
ELEM 1882 929 291 1029 0 1 0.0
ELEM 1883 929 290 291 0 1 0.0
ELEM 1884 1029 291 292 0 1 0.0
ELEM 1885 643 1030 1024 0 1 0.0
ELEM 1886 1030 293 1024 0 1 0.0
ELEM 1887 1030 292 293 0 1 0.0
ELEM 1888 1024 293 34 0 1 0.0
ELEM 1889 234 923 995 0 1 0.0
ELEM 1890 923 1031 995 0 1 0.0
ELEM 1891 923 624 1031 0 1 0.0
ELEM 1892 995 1031 638 0 1 0.0
ELEM 1893 624 1032 1031 0 1 0.0
ELEM 1894 1032 1033 1031 0 1 0.0
ELEM 1895 1032 250 1033 0 1 0.0
ELEM 1896 1031 1033 638 0 1 0.0
ELEM 1897 624 919 1032 0 1 0.0
ELEM 1898 919 251 1032 0 1 0.0
ELEM 1899 919 35 251 0 1 0.0
ELEM 1900 1032 251 250 0 1 0.0
ELEM 1901 638 1033 999 0 1 0.0
ELEM 1902 1033 249 999 0 1 0.0
ELEM 1903 1033 250 249 0 1 0.0
ELEM 1904 999 249 248 0 1 0.0
FRONTIER
F 1713 ASTME119 NO NO NO
F 1715 ASTME119 NO NO NO
F 1721 ASTME119 NO NO NO
F 1723 ASTME119 NO NO NO
F 1664 NO NO ASTME119 NO
F 1661 NO NO ASTME119 NO
F 1652 NO NO ASTME119 NO
F 1649 NO NO ASTME119 NO
F 1248 NO NO ASTME119 NO
F 1245 NO NO ASTME119 NO
F 1236 NO NO ASTME119 NO
F 1233 NO NO ASTME119 NO
F 1179 NO ASTME119 NO NO
F 1180 NO ASTME119 NO NO
F 1183 NO ASTME119 NO NO
F 1184 NO ASTME119 NO NO
F 1163 NO ASTME119 NO NO
F 1164 NO ASTME119 NO NO
F 1167 NO ASTME119 NO NO
F 1168 NO ASTME119 NO NO
F 1201 F20 NO NO NO
F 1203 F20 NO NO NO
F 1209 F20 NO NO NO
F 1211 F20 NO NO NO
F 1264 NO NO F20 NO
F 1261 NO NO F20 NO
F 1252 NO NO F20 NO
F 1249 NO NO F20 NO
F 977 ASTME119 NO NO NO
F 979 ASTME119 NO NO NO
F 985 ASTME119 NO NO NO
F 987 ASTME119 NO NO NO
F 1088 NO NO ASTME119 NO
F 1085 NO NO ASTME119 NO
F 1076 NO NO ASTME119 NO
F 1073 NO NO ASTME119 NO
F 1792 NO ASTME119 NO NO
F 1791 NO ASTME119 NO NO
F 1788 NO ASTME119 NO NO
F 1787 NO ASTME119 NO NO
F 1707 ASTME119 NO NO NO
F 1705 ASTME119 NO NO NO
F 1699 ASTME119 NO NO NO
F 1697 ASTME119 NO NO NO
F 1024 NO ASTME119 NO NO
F 1023 NO ASTME119 NO NO
F 1020 NO ASTME119 NO NO
F 1019 NO ASTME119 NO NO
F 1051 ASTME119 NO NO NO
F 1049 ASTME119 NO NO NO
F 1043 ASTME119 NO NO NO
F 1041 ASTME119 NO NO NO
F 1328 NO ASTME119 NO NO
F 1327 NO ASTME119 NO NO
F 1324 NO ASTME119 NO NO
F 1323 NO ASTME119 NO NO
F 1339 ASTME119 NO NO NO
F 1337 ASTME119 NO NO NO
F 1331 ASTME119 NO NO NO
F 1329 ASTME119 NO NO NO
F 1361 NO NO F20 NO
F 1364 NO NO F20 NO
F 1373 NO NO F20 NO
F 1376 NO NO F20 NO
F 1265 NO NO F20 NO
F 1268 NO NO F20 NO
F 1277 NO NO F20 NO
F 1280 NO NO F20 NO
F 704 NO ASTME119 NO NO
F 703 NO ASTME119 NO NO
F 700 NO ASTME119 NO NO
F 699 NO ASTME119 NO NO
F 929 NO NO ASTME119 NO
F 932 NO NO ASTME119 NO
F 941 NO NO ASTME119 NO
F 944 NO NO ASTME119 NO
F 667 NO ASTME119 NO NO
F 668 NO ASTME119 NO NO
F 671 NO ASTME119 NO NO
F 672 NO ASTME119 NO NO
F 961 ASTME119 NO NO NO
F 963 ASTME119 NO NO NO
F 969 ASTME119 NO NO NO
F 971 ASTME119 NO NO NO
F 1483 NO ASTME119 NO NO
F 1484 NO ASTME119 NO NO
F 1487 NO ASTME119 NO NO
F 1488 NO ASTME119 NO NO
F 1393 ASTME119 NO NO NO
F 1395 ASTME119 NO NO NO
F 1401 ASTME119 NO NO NO
F 1403 ASTME119 NO NO NO
F 1803 NO ASTME119 NO NO
F 1804 NO ASTME119 NO NO
F 1807 NO ASTME119 NO NO
F 1808 NO ASTME119 NO NO
F 1841 ASTME119 NO NO NO
F 1843 ASTME119 NO NO NO
F 1849 ASTME119 NO NO NO
F 1851 ASTME119 NO NO NO
F 1035 NO ASTME119 NO NO
F 1036 NO ASTME119 NO NO
F 1039 NO ASTME119 NO NO
F 1040 NO ASTME119 NO NO
F 1089 ASTME119 NO NO NO
F 1091 ASTME119 NO NO NO
F 1097 ASTME119 NO NO NO
F 1099 ASTME119 NO NO NO
F 1739 ASTME119 NO NO NO
F 1737 ASTME119 NO NO NO
F 1731 ASTME119 NO NO NO
F 1729 ASTME119 NO NO NO
F 1904 NO ASTME119 NO NO
F 1903 NO ASTME119 NO NO
F 1900 NO ASTME119 NO NO
F 1899 NO ASTME119 NO NO
F 1409 ASTME119 NO NO NO
F 1411 ASTME119 NO NO NO
F 1417 ASTME119 NO NO NO
F 1419 ASTME119 NO NO NO
F 1531 NO ASTME119 NO NO
F 1532 NO ASTME119 NO NO
F 1535 NO ASTME119 NO NO
F 1536 NO ASTME119 NO NO
F 993 NO NO ASTME119 NO
F 996 NO NO ASTME119 NO
F 1005 NO NO ASTME119 NO
F 1008 NO NO ASTME119 NO
F 1057 NO NO ASTME119 NO
F 1060 NO NO ASTME119 NO
F 1069 NO NO ASTME119 NO
F 1072 NO NO ASTME119 NO
F 1569 NO NO ASTME119 NO
F 1572 NO NO ASTME119 NO
F 1581 NO NO ASTME119 NO
F 1584 NO NO ASTME119 NO
F 1585 NO NO ASTME119 NO
F 1588 NO NO ASTME119 NO
F 1597 NO NO ASTME119 NO
F 1600 NO NO ASTME119 NO
F 1617 NO NO ASTME119 NO
F 1620 NO NO ASTME119 NO
F 1629 NO NO ASTME119 NO
F 1632 NO NO ASTME119 NO
F 1552 NO ASTME119 NO NO
F 1551 NO ASTME119 NO NO
F 1548 NO ASTME119 NO NO
F 1547 NO ASTME119 NO NO
F 673 NO NO ASTME119 NO
F 676 NO NO ASTME119 NO
F 685 NO NO ASTME119 NO
F 688 NO NO ASTME119 NO
F 945 NO NO ASTME119 NO
F 948 NO NO ASTME119 NO
F 957 NO NO ASTME119 NO
F 960 NO NO ASTME119 NO
END_FRONT
SYMMETRY
END_SYM
PRECISION 0.001
MATERIALS
INSULATION
0.12 1200 300 5 100 110 25 4 0.8
STEELEC3EN
25 4 0.7
TIME
20.0 7200.0 80.0
END_TIME
IMPRESSION
TIMEPRINT
30.0 7200.0
END_TIMEPR
